0.504759424105173
-0.5458640045699853
-0.7094263618153698
0.07805467164734807
-0.2148603008584901
0.9086351352081056
0.08785840416014357
-0.4222226713209611
-0.1145677603287464
0.2715008211561266
-0.5845471597424637
0.5191186052044415
0.1522147866024284
0.4722751475139874
0.6237514057165258
-0.04297766363800214
-0.5158872340620658
-1.179059973096492
0.6263185871476986
-0.9444555019817907
-0.08632539228661432
0.346283564736838
0.1857565438978442
0.8057573684326234
-0.9591146407411691
0.02121227977526478
-0.7136409125228638
0.2096169112603377
-0.3733907327043435
-0.3243473366037132
-0.01661999870085294
-0.5358203027978389
0.5529899114200607
0.3246160586624832
-0.5953321575519722
-0.6199166822483776
0.3773410136651413
0.4022496906330273
-0.1081263817841985
0.06277097024138487
-0.2651130820814865
-0.1874105109197948
0.2236955352282206
-0.02778862216517147
0.09678832628163167
0.1236603064197686
0.1158754205986673
-0.1234981280815531
-0.03989458804784513
0.1131228853249652
0.008037124278526096
0.3168482886093063
0.5917165851887911
-0.2096232836228559
0.2696016547942637
-0.3443461859192929
0.1658953136502419
-0.4725451780542673
0.05053196847767961
0.0433902378903261
0.02387562320721592
0.5272266550633978
-0.4684947903498679
-0.1976888100035907
-0.4802630034862702
-0.1121027863281596
1.070463809914451
0.1190744699641719
-0.009212100929122424
-0.1223169511028895
0.08495872434450931
-0.002833416535468219
-0.2570695214890862
-0.1911734687805292
0.01726958414012779
-0.1641028690705241
-0.3958446684544598
-0.02845101540677348
-0.2261739964725243
0.2207837637995711
-0.1928671882708642
0.3698384940602732
0.1088029380088178
-0.3503905971591429
0.3685943882267108
-1.168636356497225
1.032076603544829
0.1145678935030883
0.06547267468619808
0.001418092964050162
0.3926514906015989
0.6044979345062341
-0.3512499156322217
0.01700512077725636
-0.2904359539542649
0.4604293525558752
0.07761344135901389
-0.2115900878674464
0.6235516170786051
0.2990991561196412
-0.07030351413010698
0.168114609120525
0.3895491793162343
0.2567598840466181
-0.685054374052867
-0.5742407984316787
-0.1834151710469868
0.4678120781488341
-0.01635176619112834
-0.5247392896210468
-0.04551027113985656
0.2003801404100034
-0.8771283757231783
0.04417372969327097
0.9977643049593723
0.5314682244732644
0.2731977857267052
0.5468633396525577
0.1028321276665861
0.002534169646703984
-0.1569427808167539
-0.5109377677080006
-0.1636451724152397
0.4397640983911238
-0.1513073177967933
-0.8531591291606946
0.04119020173739945
-0.5591431098663675
-0.5557208279763071
-0.01681287284425892
-0.2799917667435236
-0.402904365727643
-0.9458418219751056
0.03263228112000353
-0.1327497361044217
0.7812968432668556
-0.3733706794109073
0.06289015871926668
-0.4706385220269259
0.280868111293719
0.3973982459889193
-0.6690880521168504
0.334439293735721
0.2025269765712212
0.3526388468167224
0.02713129349078911
-0.1790241069600357
0.2328578204146259
-0.8825525544910892
-0.7067574186792214
-0.166068078901858
1.145719696850994
-0.1368790218052814
-0.7561808263859738
-0.4073442716933178
-0.2159395255103155
0.02771530276271078
0.9806658353864923
-0.6152983222692046
-0.04758653856448551
-0.2068678729850273
-0.2417513957075577
0.3555332507194817
0.2953705375344644
-0.452579757604829
-0.1000033254722838
0.2902196550837621
0.870432917329249
0.2125733373115149
-0.08127863110287231
-1.164350775122788
-0.7287282126406953
0.7691011162295645
-0.01904224843853956
-0.4200270662452839
0.5013691009551784
0.7235039498024273
0.4764777677569839
-0.5190040039346144
0.9187741429396535
0.3749728474909912
-0.5891810782902199
-0.05073364226566394
0.5777548729446481
0.651550736513031
0.4781136514751279
-0.2428223352140806
-0.6447916904815283
0.0776485600617855
0.4521289559559011
-0.1787287623179415
0.1935598969235131
0.448201285323832
0.2879843628037215
-0.05816098375239134
0.09717004387736716
-0.1118134728714281
-0.3886545143231075
0.121076828632124
-0.3405906813876562
0.4262632214367221
0.8838679041374529
1.195676426619565
-0.3854582482627585
-0.1647066437072098
-0.3372922956439184
-0.3645180909487938
0.6438265280839313
0.1617909854134729
-0.2864404274238159
0.4920630271249301
0.3965687213291515
-0.9249733585881045
0.09877418758282548
0.2593455610988399
-0.3262865510690594
0.3630990307639752
-0.08181512035279244
-0.01366586540591174
-0.8006014633832192
-0.1966948308195539
-0.3523380258207753
0.3595880801795325
-1.387966407879822
0.2574798510634447
-0.1364398827213287
0.09076780820634774
-0.3691274662181893
0.4970197782707882
-0.1356989613774402
-0.01988962033513473
0.8722369477776073
0.2254060071937169
0.3014225588740784
0.3256139574867915
-0.03989077308042554
0.1007744440793551
-0.6304495378929964
-0.2885754910914222
0.07314728848428199
-1.237060530899348
-0.2956619794925923
0.009529530259025658
-0.2854683800090457
0.3587260753981297
-0.2652788445588491
0.5177655334711284
0.3356496472709651
-0.6683473982243003
-0.07856205141939544
0.01290114459243459
-0.8795808911009756
0.5700260421174258
-0.09231545288232182
-0.248896581034737
0.9160050156280001
0.06417660643982084
0.9847792870681983
0.308606558836474
0.1714180273933453
-0.7067648161710292
-0.1781323334760923
0.3883981889821742
-0.5605539674216619
-0.4861250384022576
0.1713590887871413
0.03032941141995011
-0.07786576058853367
-0.05657975167621756
0.8215674276618585
0.3831095336885036
-0.2189714552957433
-0.4410975667198782
-0.5936851377740063
-0.3123830737097891
-0.006842059461419808
-0.3374305824646576
0.7392561778940644
0.3945339077409126
0.7278571813829743
-0.01490067736906867
-0.6548489622746668
0.3131036761817588
0.8616068293434807
0.3219626271312842
-0.3722227366539343
-0.01616268532709917
0.97261931347869
-0.8786208530647852
-0.1283940994767186
-0.3755573784409832
0.7098932707618741
-0.4971610766093434
0.3561093627236129
0.2278504862087815
-0.4029439875448049
-0.1747044279160653
-0.2855901296664425
-0.3274341130914645
-0.6559932702746062
-0.2302922670305994
-0.4033404298241943
-0.2508732006206953
0.1742028538509567
0.5977173006109496
-0.5859324085456029
1.071352311081721
-0.4589177858643531
-0.7969407361831553
0.4013238839027598
-0.9464332705295903
0.05493480245235764
-0.3485305136774523
-0.5885848540844743
-1.080759297265297
0.001300295893865922
1.009788435876006
-0.4052306856427353
-0.3327365021983763
-0.2682329298128541
-0.6060884611856189
-0.1569790125167305
0.1980363283386868
-0.9292871456236512
-0.1120736284482788
0.1462043793589442
-1.197489705881513
0.3277368002218392
-0.1973243117669065
0.1997618539891471
0.9221651380725104
0.3267558114072808
0.1457691106669658
0.5227905167328063
-0.5770017769056416
0.1392324018158793
1.60805148050123
-0.364275364868784
0.4982440254357708
-0.5490953504062657
-0.3724532093474767
-0.5672674105344753
0.237581739834414
0.2209110767529721
0.4933241694961021
0.1254661231213098
-0.5287711164231215
-0.5467897437277919
0.5126897003033426
-0.454267153327882
-0.05421064757456429
-0.2688273448463601
0.3234866897638998
-0.3379547972467998
-0.6478376190576334
0.02127398891756277
1.062714377431861
-1.023391130363657
-0.5324222967770594
0.4988362479577813
0.3256045622133928
0.4280066805878461
-0.4436481982862809
0.1897384779212247
0.2109718123601999
-0.3557238933919641
-0.3150941161984789
-0.3539667491115144
-0.900137821084025
-0.8910426282426034
0.6028325484303462
0.3139462520041182
0.1429459539591643
0.2335578889043649
0.2385062421225066
-0.4960837047111354
-0.4110332260486591
0.1755429924629484
-0.5721780992825288
0.4055833282292039
-0.01272894510083362
-0.3389051187757104
0.529984566498849
0.3585825472923881
0.3415642168880986
0.2931374670682975
0.4906436141783954
-0.4577961639224754
0.2108242261399318
-0.9290657235729214
0.181092736931525
-1.039791378358301
0.4107806172939492
0.4134547660205657
-0.04690781458889683
0.1999676422809158
-0.1991231109060901
0.3510700663541292
0.3164334914630408
-0.1281477735924605
0.8475828854385543
0.4908795878392344
0.1456167735219773
0.4308202362289721
0.3577823364930358
0.7428618752930757
-0.4122086664892111
0.08241183740868079
-0.6169021178457662
0.8049225795715117
-0.5828599458921674
0.3671611947406136
0.002884686482862018
0.1573408724384563
0.5220411913115099
-0.3873093301632441
-0.01349953416226136
-0.6627548462526978
-0.8721527578157787
0.4739830628398726
-0.4512742603780334
-0.2105910802006968
0.09851972189125455
0.6146660418647797
0.2907272126000927
-0.3712987483043473
0.08292806213742492
-0.3422841255079878
-0.6513766302353358
-0.4984918427927618
-0.3565301724577526
-0.2846400199047867
0.1467203699236232
-0.06042758413077675
-0.8044783395162803
-0.03012848618760181
-0.1916438997392265
-0.06340079630931343
0.507729932573278
0.4656807834882778
0.06753458807960132
-0.1381620428429609
0.1892873244753916
0.02347687020960284
-0.01939777982714277
-0.1337914939680017
-0.4829752339329062
-0.5408170134830298
-0.7827110627445221
-0.4151125936441364
0.4116927846134708
0.1024610827783397
0.2555656393999689
-0.4043517806364783
-0.8471539807460928
-0.8158809919432932
-0.4353698491240189
0.3074609000675974
0.1019981975981395
0.4812363533864467
0.1923948403416527
-0.4570960665396048
-0.7272520351943275
-0.4539818893693305
0.03222981232136048
-0.3208855342835713
-0.1743279569627092
0.1827662085350688
-0.1507799950708638
0.3772129821251006
-0.2772063746571769
-0.6281431268845684
-0.02513187255807233
0.5362841130682433
0.0625838741099449
-0.1716188989342239
0.05771991840494572
-0.2947861141080778
0.1586582924563865
0.6215115528676977
0.2665653043804478
-0.3467701220370983
-0.4983673908379697
-0.5813525779690666
0.4301187721431095
1.444865237026253
0.1552620588430406
-0.2338608348128375
-0.117842763377137
-0.006827494632291663
0.03977953053873245
-0.5956182945675735
0.9856963540474349
0.5844083183792935
-0.3025399544800041
-0.7682726726499135
-0.031448946940542
-0.3298524429361183
-0.578593083208652
0.2561183350167879
