-0.4962042353573312
-0.1639909350222384
0.06957510564750427
0.2241910990819006
0.2612597922937868
-0.4741637958500647
1.015907450230484
-0.4770315584867068
-0.04651465468018226
0.5399269833836132
-0.2751534457490768
-0.5665513432715639
-0.2467243950619244
-0.8255093754983449
0.5305683522132758
0.1952011208478447
0.1237078967129337
0.5006682264869898
0.1467916597641083
-0.1549007385214712
0.3149232920361635
0.8652273370326445
0.6104443740344697
-0.1575704150211041
-0.248939579166821
-0.03472080353329682
0.08184117745592423
-1.147524569606083
0.01645407759650341
0.4984190698215446
0.2889074675274043
-0.7367992027036353
0.1116291240052274
0.1922948917028044
0.1353814357335613
-0.6741478953224765
0.348033034600921
-0.03301470304847539
1.124379252308955
0.237028712088925
0.9921938773283444
-0.2391501630200152
0.557892873957586
-0.04878271818502318
-0.2831218856239047
0.14421855724391
-0.138731049774823
0.336435921300679
0.3583756180743823
-0.6683121549001608
0.459884542382285
-0.02172272902888904
0.6651683410607244
0.288862665403078
0.7829566143250012
0.03080831803050534
0.09278038314531253
-0.2387458286426032
0.303784848387865
-0.8065376330700142
-0.1018893650797199
0.02180213810548276
0.6344733249520353
-0.08534563020451655
-0.2677732085364795
1.002985488704319
-0.8592955317627281
-0.1136237778135677
0.03133269967209031
-0.4578762610243733
0.1554402964660196
0.2054541958126183
-0.1397054467630752
1.039636554156991
0.1527952464487081
0.8694084244733886
0.8960874884524282
-1.477797089828557
-0.04596509887000515
-0.004855173175985406
0.6153449415319517
-0.3617771593648512
-0.06147734455433106
0.8786104686025741
-0.6242072021618976
0.5790476775002903
0.2645542274741685
0.1686297536061622
-0.07381782116828779
-1.131624175788537
-0.983932565743626
-0.5299760173493493
-0.2552954869262783
-0.009017962877484029
0.1169497707197472
-0.5524375835056821
-0.2579907533519355
0.526159210755386
0.2666931386516355
-0.2792308072700511
0.09629477804829041
0.2273595167464156
-0.1811898780988091
-0.004413673760659201
0.2122392066310593
0.5601468228121365
1.354354971442275
-0.1055231227939158
-0.09498570322734466
-0.5559699507850541
-0.04150253881422682
-0.7634312053674763
0.4434685394038152
-0.4341324156645996
-0.09981029705164825
0.1201788461716324
-0.405975559481312
1.659418881117589
0.5700644018924638
-0.4541887525768709
0.7799379567213257
0.6276287116351973
-0.4235418722781211
0.05506067296583639
-0.9841624484308117
0.750654869328176
-0.3803051781684783
-0.5818842458291374
0.8386780927177945
-1.009590309259838
0.4011155369050868
0.1368250223599478
0.6695863417111996
0.05246732758884743
0.6705389220601394
0.5581855992768209
-0.0665710453836611
-0.5282718819265272
0.5808972659529377
-0.09792848637038078
0.3300977072845717
-0.1297133104359847
-0.4192733113503337
0.2100116383604953
0.8060685882895988
-0.2935805534243753
0.3575998653098298
0.1605431004304362
-0.03746605278249173
-0.1584257007692259
0.534607757426236
-0.1218398810040562
0.4729780126990933
-0.4770693535098928
-0.07432877350632899
0.1915234166567484
-0.7365254478171632
0.261952636875711
0.3831133699801864
0.5600441921874078
0.1570262386974723
-0.3653113820093482
-0.6080172941751139
-0.8607282094471762
0.1176591573649864
-0.2720203024932374
1.1907556865619
-0.2765159753100371
-0.3656037852350545
0.04511654104377275
-0.2632557167755772
0.4197087683706499
-0.897900517406123
-0.2332984886094362
-0.3316299431756742
-1.200014679594758
0.1725956343458368
0.1979515817649767
-0.7303794847366256
0.05330920279399511
-0.2924584727679239
-0.1425542187615062
-0.1645952209421852
0.08513333712813231
-0.4865651938448776
-0.02116754148872066
-0.4526950272701789
0.24382431084177
0.4336740878530891
0.4439318459326562
-0.1524847228750335
-1.072623709670868
0.6974896023945225
0.04092233509914623
-0.4430741737094444
0.03167927013758725
-0.2303033402078684
-0.4439959128681815
-0.1627814805842755
-0.2139822557217279
-0.7708293199609764
0.3381641474441344
0.03989257236543774
-0.1421925914887526
-0.6855265607272644
0.2899712536919309
-0.2472658692420612
0.07047288107285338
0.2677409360840853
0.252397742490952
-1.329367011499818
-0.8095163534607647
0.589273216501878
0.2764332194741494
0.06270893098199372
-0.3658106711684771
0.7261045821598019
0.2257546443374102
-0.7144940860643778
0.134374033919356
0.4092311397584698
-0.6000278501993491
-0.05379520927186376
-0.5950319366492071
-0.04687857121314102
-0.5603567896798114
0.8672553596003694
-0.1215323653530718
1.063055242263854
-0.003639889052112043
-0.1733158408165795
-0.5779279417580967
0.2911817769538274
0.3527276296506143
0.08762738405873347
-0.4708020773128415
0.0311476079257785
0.4927323644863449
0.04222567305964379
0.6102940401146507
1.129742793352026
0.4753566420595885
0.1005446920868498
0.2172298346827219
-0.1082946960922199
0.09083702332413349
-0.1174922641974109
-0.1310185910657912
-0.1297326710075093
0.6174305798660412
-1.061302037843733
-0.2003092014859878
0.9631728272425349
0.1714536813810847
-0.3239457455739231
-0.653238283957943
0.943278834124903
0.6757632472135047
0.9452945797657778
-0.7003585585155393
-0.1921493166110126
-0.1868190280440849
0.09716216542996584
0.8830035363848802
-0.2023918200181429
0.3604299486917152
-0.6451413087084473
-0.2336450121113833
-0.4169861215942304
-0.1763099540958122
-0.2390690668595459
0.3771107580895631
0.02055715579521698
0.2020057629636531
0.3963757618601871
-0.329330621474728
0.4459920816893517
-0.6411241578378667
-0.3484517093073785
-0.01563722184334838
0.1017748482295754
0.9688960774499349
0.08009797857098815
-0.1551693875259558
-0.2102322784344388
0.6629419348542835
0.8431552582896308
0.3049224042408057
0.427631771198653
0.5721344228522457
-0.2822392143947755
-0.1542162580771036
-0.1804907869428793
-0.659979415726951
0.2866604989381872
0.1074194833877022
1.173695386712576
0.4123230511034642
-0.1101794232870698
0.4286636256549302
0.3401920809375589
0.582853843895342
0.4476768388962359
-0.1004923854172782
0.06753943843173671
0.05689932830561165
0.3493623429184034
-0.4199464159829113
-1.003996387330952
0.4601291978697675
0.06544750519648745
0.3441565523835355
0.2684665735313195
0.7426536062557749
-0.4372602015626518
-0.03152679542465842
0.1158707256830487
-0.3176447975223908
-1.305198655062872
-0.07184365244155329
0.3302148862402793
0.1885408287953674
-0.208491387514789
0.2963844030689222
0.09013646115053615
-0.2212939840521295
-0.1346687391796016
0.4804115551488326
0.4414259120083016
0.002135761798025678
0.4327548253035725
0.1107840644288027
0.03381335987074393
0.2648264280060482
-0.0804182129768712
0.04142732642535966
0.1732539802025929
0.4901306287407226
0.3599885404824677
-0.1042357420197534
0.5193017223182892
-0.6284208027142917
0.2393614921839259
-0.1723391419285362
0.03020909428277747
-0.2678493174171571
0.6780473395874598
0.4330844819232587
-0.7990850066326453
0.1291903661087416
-0.2969093475343527
0.7636610507975559
0.6426923570579891
0.4791156580415528
0.009170031123090224
0.2732094120075103
-0.02486472537698987
0.1623608188385842
0.2067341077375955
0.6361073314384874
-1.008238797764863
0.1159718279489393
-0.2366980455727705
0.4120268086023719
-0.3276761188118428
0.3548573306937512
-0.5492062646424428
-1.263622527280444
-0.4560193618092181
-0.5005780415085007
-0.09845621866787338
-0.5748354910967718
-0.1846499819737005
0.5754785649731937
0.1793125335153132
0.4373743362080454
-0.00838325839415709
-0.07986562008600277
0.1796698164027647
-0.1003577696356443
0.2630014284049582
-0.5344081390562782
0.1015090232612025
0.4204348737328019
-0.08725370155946596
0.2521332798393641
-0.09033939857604685
-0.05416753774291123
0.7706558269694698
-1.080726683714302
-0.4071096282588196
-1.049265236068298
-0.6760342381484967
-0.8037632157631583
-0.03782159196950158
-0.1561892961899645
-0.7843042729864949
-0.2511363211721248
0.3506358743666645
-0.2963496954733945
-1.069243735275658
0.03551683535122461
0.6702800059056219
-0.081072226167912
-0.4758836617584269
0.3763129298710515
0.3126729816311722
-0.8114857526314124
0.6067494153488667
0.4843644512733046
-0.1405937378189754
-0.9108253057011446
0.3657357369922594
-0.4815087261727691
-0.7063947526393297
-0.8329742736368341
-0.3813785779850185
-0.06711040020047875
1.020240167842801
0.9393548190832519
0.03878005798659417
0.4957949308770319
0.01713413958487552
0.03050952044816853
-1.020718351520588
-0.1558983444939697
0.5349672781484791
0.125850475015802
0.08231475605745407
-0.3714258112524948
-0.1325696641989716
-0.03087251350779401
-0.2323752819491537
-0.6904714604660215
-0.7345090385585409
0.7929181592177051
-0.8767373198502633
0.9138359765164418
-0.05167991073310629
-0.08279341666153336
0.3300208610390816
0.869650068822219
1.166742027597184
-0.187375877348805
0.6603841884643704
-0.160045491842946
-0.1220033861124548
0.0003379439839188535
0.08083072620645332
-0.02254159629201842
0.2303331349252125
-0.7851512111426351
-0.2172903295181777
0.3361531216461119
-0.1657324134113842
-0.04285911048379415
0.1821862074538309
-0.3600334718933409
-0.4252019771528208
0.6641640514630132
-0.160288957581355
0.2423555455284384
0.2210407652860078
0.003085724553043008
-1.115354540322676
-0.9764221120388266
0.5735736639700929
-0.5949338153334871
-0.1007098543293242
0.4958435401462886
0.2853412640634267
0.4243012741304888
-0.4534522408211986
0.1068430347193336
0.4494176550913644
-0.0478327732264417
0.3702457454873437
-0.1231347080843148
0.1792323452056798
0.6072921433763355
0.2443187684610979
0.6027001223525785
0.03563658203912083
-0.1843852760233322
-0.3399937502613757
0.6279815175441096
-0.3250916208935179
0.2442072961169615
-0.1045776481528316
0.2267114293059588
0.5131760979928444
-0.06691371951294424
0.3484497582784126
0.152440815814257
0.447081996904106
0.3568292570804792
0.07661576370475297
-0.3815330325341793
-0.8478333535171182
0.3343236929756925
