0
0
0
0
7.927067169232686
0
0
0
8.751058620171634
3.008907905945391
0
0
0
0
0
0
0
0
24.42223650004346
3.621024882609772
0
6.903381430497594
4.71450585949418
0
8.876079792267383
0
0
36.51636564035226
15.03791705044929
3.859749037017079
19.14484862444828
0
0
0
0
0
3.676847048455405
0
0
10.68637872471611
0
16.2661763032785
0
0
2.224195645190709
0
13.67249072545366
0
0
0
2.179320738750635
12.70138551090763
0
0
0
0
0
21.15148742402737
8.215655969708292
0
0
0
18.20500865437196
0
0
10.13095723547933
0
6.643739312034071
0
0
0
0
0
0
0
13.34166013368999
0
0
0
7.316372870241543
15.3808645987551
0
11.3130051199401
0
0
0
0
0
11.58708187776761
0
4.802062697891146
2.447067184736897
1.111810044633719
0
0
0
0
0
0
0
5.65773522836513
16.10365483617991
0
0
6.677347039115044
0
8.994666561949371
7.138435209071506
5.439700631277969
27.90667870860787
0
0
0
0
0
1.95664991403329
21.42031481399351
6.074044296143054
0
0
0
0
0
0
0
11.8117555475147
9.396874933490585
4.020576056227734
0
5.276583952111817
0
0
0
2.382135953417098
0
0
0
0
0
0
2.685791712263708
0
0
17.01266868452687
0
8.534459784960601
0
0
0
0
0
17.47172755873272
0
3.066148968541094
3.074861775452842
15.24897095505448
0
0
0
0
0
0
0
0
0
0
0
17.14490898870394
0
0
0
9.919327334724056
11.27901445935801
0
14.0808878461077
2.0754414478928
0
0
12.56871718935234
16.99923074557236
0
0
0
0
15.62299311275986
0
1.287620828063684
0
0
0
0
0
0
0
2.018672263438266
0
13.40004917424696
0
0
13.01908464260515
0
0
6.257868180807079
0
0
8.297500787189927
0
0
0
0
12.14999563781265
0
0
2.377746911876653
0
0
13.2701103011897
0
0
8.127010277265621
4.058903420456069
0
5.350105029964283
0
0
0
0
0
12.36060605421121
0
0
0
11.84877647109371
0
0
0
0
1.007420232587306
12.32738778644062
13.61278590305885
0
0
0
0
0
0
0
0
0
0
0
2.331831257801089
0
0
0
0
8.970168950075433
0
17.70497078402862
13.56605942791683
0
0
0
0
9.529591149148319
19.61611501736489
12.06376407701253
0
0
0
11.15063301204646
0
0
4.360691316300313
0
0
0
0
0
0
0
0
22.49077689746006
0
0
0
0
0
0
0
0
0
0
0
5.731518110620453
15.04890434432014
0
0
14.44707637085975
6.150721807512907
0
0
10.50671955076369
0
0
0
1.316719642720391
0
0
9.863487991653111
0
0
0
0
0
8.025091129950713
0
0
0
0
0
8.448238100445048
0
0
0
31.23089684552795
0
0
0
0
6.39758977689365
0
0
12.72025960444819
0
10.06693200220029
17.04149055509892
0
0
0
29.7826454810292
0
6.947706382472751
0
0
9.496432663150966
13.71949921882067
2.226238469367269
0
0
0
0
1.793557389069387
9.975334674988691
0
0
4.270232680555918
0
0
1.148467919447696
0
6.497400082194497
3.126617428605879
3.683472047245111
0
0
0
0
4.391387703060226
0
7.083662462340975
0
0
0
0
0
0
0
1.738232081704043
0
6.412190107272568
0
0
0
0
0
0
5.01218016559012
0
0
7.689584101643213
8.247815215688524
0
0
8.970612282741651
0
0
8.129816889819947
0
0
0
0
0
0
0
0
0
17.41443821008821
16.20049337365342
0
0
0
0
0
3.665883319525005
0
0
10.10588589969688
0
0
0
0
0
0
9.142510317245961
0
0
0
0
3.803211269672568
5.571169870557194
2.131467814305311
7.047266408699767
0
11.67061111364116
0
0
0
0
0
11.59690038197395
0
0
17.61941486730325
0
0
0
0
0
0
0
12.42566547394523
0
0
0
0
0
0
0
0
0
7.755176035119681
2.977146992411691
24.53727957899232
0
0
0
0
10.13252931954404
0
1.356019311886653
23.00350645056722
0
45.20850131931237
6.117159690498295
0
0
0.5439942499332918
2.234396654455747
0
0
16.49792324669071
0
0
0
20.29063044590385
2.006154895731429
15.45087172046577
14.57840983916402
0
0
0
0
0
0
25.12287075428545
1.971347459537853
0
0
0
0
3.853983944885335
2.340286973499877
4.806531240742579
0
9.445905404638232
0
21.30960876506333
0
0
0
0
0
0
0
0
0
0
0
0
6.970251736197245
14.04800088638576
0
0
0
0
0
0
0
0
0
1.746303781472129
13.71399239171763
0
1.693195080859409
0
0
0
2.380465689741241
0
8.337598400071604
0
0
0
22.50865965425685
4.697629677811431
6.793853945659299
0
19.77336828043286
0
0.5093652694993587
0
16.79106031373519
22.35456522749918
0
0
8.365163792731689
0
0
0
0
23.06094663253751
8.402560792065746
0
0
0
0
0
0
0
0
0
0
5.845648736433012
0
0
4.829131041020577
0
0
0
12.33153792048853
3.238842367111035
0
19.02046984766455
0
0
0
28.00266763009349
0
4.502905524233316
6.667486473519478
0
28.69771885729673
0
7.558704576020605
5.638124981015524
0
0
0
0
8.331702698173675
0
0
0
17.24696984649844
0
17.66965398962038
0
5.09078997797369
4.880130002871438
0
0
2.628635545871747
8.994059741145982
0
0
1.537272616850689
3.044185539856048
0
0
0
0
0
0
0
0
0
0
0
0
0
0
0
0
0
0
0
0
14.3338226838341
14.33799057778361
0
0
0
0
26.08020818580828
9.997828034240795
9.724197755700017
9.416516657102541
0
0
0
0
3.807584928615936
0
0
0
0
0
0
14.48051679440529
5.092764270697271
0
7.892483961352326
8.732763458322239
5.150653916695501
0
8.285738467405661
0
0
0
0
0
0
0
0
0
0
0
0
0
0
0
4.273518765205805
0
0
11.75062664929208
1.196123898571181
0
0
0
0
0
1.972856849185458
0
3.878744481338332
3.966122940321193
20.87330935646975
10.21909070537527
12.33438417421875
0
3.027345396894772
0
5.086791363301669
0
0
0
0
0
0
0
0
0
0
18.67625198389969
6.982408752323526
26.35096780233514
0
0
0
0
0
0
10.5634151349385
0
0
0
0
0
0
9.249634197925577
0
0
0
0
0
0
19.08348585033158
13.4887992620289
0
0
0
0
0
0
0
0
0
0
0
22.39615494087307
0
0
0
0
0
0
0
0
7.136969816497878
0
0
0
0
0
0
11.8068438613465
3.948225712651614
0
0
6.907569450252007
0
0
0
0
13.5827173577577
0
0
0
0
0
0
9.480106103381422
3.928460831873246
0
0
15.08650355505807
0
2.141552108595757
0
11.20476416792763
0
0
0
13.00969572569103
0
10.6777290077369
0
0
1.172227046631761
0
7.550061903974584
9.308118348277652
4.461828151599988
0
6.169756707868302
0
0
9.593133622805782
5.720743713141928
9.860523156629618
0
0
1.753281133890515
0
0
0
0
2.343528317050469
21.12053022604278
0
0
0
0
16.19467515927716
7.2940292663844
0
0
0
0
0
0
0
0
0
3.126676474999396
0
0
0
0.8337466159444212
7.619297191159029
0
22.38005213783251
0
0
0
0
13.47972295061154
0
0
0
4.249953878511834
0
0
2.64299818853855
0
16.75844543236258
0
0
0
7.162687779576077
0
4.211995179293706
0
0
0
0
8.259573666786004
4.225174231203543
7.763478906090295
0
0
0
6.186716691322534
0
2.42344496602053
0
0
0
0
0
0
0
0
0
3.757156649064385
0
7.620600312160269
0
30.90147398350496
6.306416709203559
0
2.320443828066496
20.9480644122788
0
12.9531889064261
10.11062631567056
0
0
33.02229860853063
0
0
0
6.408204668329263
1.418936673337309
0
7.799068929440734
0
15.79101229270058
0
0
7.693509741833337
0
0
0
2.931607039570951
0
0
0
0
0
0
16.44280277557654
7.465487482603654
0
0
0
0
0
0
0
0
2.236248074096731
0
3.843222734712969
0
0
0
27.91447615349607
0
13.49266907768602
0
0
8.936391504457387
9.516030441165913
0
0
0
0
20.46245964294025
0
0
17.45061909483698
12.26024605757781
0
23.05264638997308
0
0
0
5.825227561010778
0
15.16471181127331
0
0.9024663223263887
0
0
0
0
3.693489153346079
0
0
0
7.312428286073429
0
23.10570844918
0
10.11275927265097
13.21273728275695
0
9.552898574525596
11.98906702716887
14.32686853775062
1.210850383375104
9.07010844079395
0
5.281270725801573
4.61727040437184
10.09220747420479
23.68649858495007
2.149595307020088
0
15.23756367546178
5.544678587928963
0
0
0
12.25299076457537
0
0
0
5.121255584842342
0
0
0
4.500838989376715
19.05616233983401
19.91043821975472
13.77200596906484
0
0
0
0
6.76949613853543
6.198490167902508
25.95952207463758
0
1.623706610020273
0
0
0
1.623271459995346
0
21.05424730628411
0
0
0
9.420896018752735
0
0
0
0
0
0
0
0
11.260800062199
0
7.336829528304555
0
6.685211420644147
0
0
20.981438547937
0
2.347715887547889
0
0.2785697893100644
0
2.099115022065718
0
0
23.73000922957797
10.81604165620148
0
0
0
0
0
0
0
0
35.89322901736025
0
20.9781718876334
0
0
12.24829034270347
6.58209045974206
1.492771769446846
0
3.551581056724205
0
0
0
0
0
0
22.3490952520509
0
0
0
3.704993755629648
0
0
0
0
0
20.55095960659465
0.9512837511560719
0
0
0
0
5.998722089667691
0
0
1.917370397910129
0
15.38120908970787
0
0
0
0
0
0
0
0
0
0
0
14.30992518345226
0
0
0
0
0
0
0
0
0
0
0
0
9.925494622730682
14.90257145171594
0
0
0
0
0
16.54942066381337
0
0
0
0
7.259145945473029
0
10.83936309363105
0
0
9.376036333401926
7.955430890268488
13.33233790209676
28.18660501929539
0
0
0
23.17992386014208
0
0
7.76523223007225
7.002328569845609
0
0
0
0
0
0
3.886161608311017
0
0
0
0
0
7.067642584974778
0
4.939687359933576
8.019507741430754
0
0
0
14.45315077581117
0
4.858943087437859
5.789149941115467
1.865577137855682
0
2.715742601638902
5.570655581948819
0
5.566352421792922
0
5.935667906724019
0
0
0
0
0
3.541657439444097
0
23.29234668248867
0
7.355380526591059
4.537200300239748
4.742392091406892
0
0
0
0
0
5.596274593387063
0
0
3.42276088757385
0
0
0
3.45138720722624
0
1.756501113555589
0
0
0
0
0
0
0
12.6858689215626
0
0
0
10.37857538969777
0
0
8.012195142316331
0
0
0
0
22.47934106362326
0
0
0
0
0
2.290046489791624
0
0
18.28853322915002
0
0
0
0
0
0
0
13.54723542238294
0
0
0
0
4.824923345738367
0
0
0
0
0
11.7392625528514
0
0
1.25247960601121
0
18.25029076632156
7.177309780186393
0
2.939943096954456
0
0
6.215197309638441
0
0
9.609714085550079
0
13.09805797678958
0
0
0
0
0
0
0
0
0
0
1.41706249649262
0
0
0
0
0
0
0
0
7.276765505442655
0
0
0
12.32643928262067
6.493200373770889
0
6.949941914281167
0
0
11.33583697656795
0
0
3.432823575136974
0
0
0
0
0
0.4946658139107488
0
11.58993681628869
0
0
0
0
0
0
0
0
0
0
0.9420817974230898
0
16.83163544867254
4.598735743424039
0.8049293436796257
0
0
0
15.52273399079632
0
0
0
0
9.192097304164422
0
7.451012777018935
0
0
0
0
0
0
0
0
0
0
0
0
0
0
2.028608658541305
2.716553132953239
5.779426127005648
23.43835543083898
0
10.81401907763918
0
0
0
0
11.10463716555493
0
0
0
0
0
32.80000616477842
0
0
4.989535055733042
0
0
8.352783947603378
0
0
0
0
0
0
0
0
0
0
0
0
0
0
0
0
0
9.156456782100646
0
29.34976247684279
21.36287722795706
0
0
0
0
0
0
0
26.28364257605185
0
0
1.157286742124574
5.350593592444835
0
0
23.67523456170353
0
16.36928209032251
0
19.38225734274558
6.540050041142905
17.23732139552162
1.636839072295562
0
0
4.918462247794725
0
0
0
3.639069655402022
0
0
0
0
1.576828818705831
0
0
16.67419306627374
5.411657799064757
0
12.42419647489521
0
0
0
0
0
0
5.343109250720715
0
0
0
0
0
13.07114303282177
5.879974592815095
10.22881230335984
0
24.58919669218306
23.19498795903242
0
6.712660116350568
0
13.96553632118917
0
0
23.46818167654824
0
0
0
0
0
0
0
0
0
0
0
0
0
3.490295781865533
0
0
0
0
13.14590779961522
0
0
15.89726871310361
8.392635096491034
0
6.91985108492248
0
9.842894982206889
7.884138436866492
0
6.4787786831642
0
0
0
1.07839283978321
0.7932552660638786
0
0
0
0
0
0
0
0
0
0
3.128749915157242
0
0
0
0
0
14.08141337123129
0
0
12.73582423511406
6.771061095722818
0
7.616681386033451
5.58235015984171
0
10.38471843298384
0
0
10.82418938987448
0
0
0
0
0
0
0
0.5833122862608051
11.38594222409331
0
6.85213572981385
0
0
14.64695181943985
10.27506193896921
16.86746358621496
0
28.73992681069033
8.174059896986833
0
12.2574259732448
0
0
7.424461811282162
0
0
0
18.62230205278949
0
0
8.234930320328935
20.50604357116409
0
28.74969136072889
1.523893988149216
13.6482558706366
0
0
0
0
0
0
0
0
0
0
0
0
0
0
0
0
0
0
22.88434723490838
0
0
0
0
0
4.128190076479441
0
0
0
0
0
6.6961840753715
0
0
0
0
0
25.73492614344638
0
1.904379198916637
0
0
22.18380956000175
0
0
0
0
27.81684717045076
26.49084082496084
2.628276455023704
0
0
0
0
0
24.99308311267599
0
18.55142254906206
0
0
0
16.15791304802534
0
0
0
0
0
0
0
5.628265794557462
9.76645152385225
6.876523508532913
2.525591810361155
0
0
0
0
0
0
11.28811232418533
0
3.438997045579173
19.31820559170389
0
0
0
0
0
0
0
0
0
0
0
0
1.601157887756252
1.534652210182636
0
7.187285210717541
0
12.88663830074305
0
12.97896589027604
8.227726743722537
0
0
0
0
13.29253350771014
3.287075957752133
5.528117958994115
1.371301380929879
0
20.85002463534757
11.71605842836747
0
0
0
0
0
0
5.326549034241458
6.904855781708937
1.505224742231795
0
0
0
10.66884850930723
0
0
11.89729441856566
6.141607908873596
0
4.0805943505441
0
0
11.97145101854465
0
2.082023180460823
0
0
20.34619287779766
0
5.96697187510613
5.493103873465232
0
0
0
3.151021022369656
0
5.604255342601792
0
0
0
9.509474076499782
16.558212235691
0
0
0
0
0
0.8974600211094524
0
0
0
0
10.04072953989315
0
3.855647300848727
0
0
13.81249573524063
0
0
0
0
0
11.14908095391661
0
0
0
0
0
7.902438874505333
0
0
0
20.50660959896326
0
0
16.75919363872915
0
0
0
0
3.29652234375776
4.98675393807223
0
0
0
0
0
0
0
12.05797711699734
0
0
17.50982958223404
0
8.218248055147315
0
19.00764056766441
0
0
6.410458766458821
0
3.123792529042235
13.70766466376643
18.66873392823604
0
0
0
0
0
9.957678932276675
0
0
0
2.447082248954036
24.30745198673602
0
0
0
2.220297881081267
0
7.096066498755914
0
8.442609349070091
0
0
0
0
14.26252397420458
0
0
12.69455413736366
0
3.769817427472307
7.440849866868872
0
12.19628698339141
0
0
13.47685325330568
0
0
0
0
0
0
0
0
0
0
0
0
0
9.348039307493375
0
3.492693744883955
0
0
0
0
0
0
0
0
0
4.086073998033385
1.108178069696874
5.964165568968651
0
6.887346457845112
0
0
0
0
0
0
0
2.744034580712889
0
0
1.109033484815118
0
0
0
0
0
0
0
12.50621606345683
0
6.216100198455252
3.90229176930121
0
0
0
0
0
16.40867486430048
0
0
23.6039527287668
0
0
0
8.098169411640917
0
0
0
21.00089257762257
0
0
0
0
9.602409800514199
3.665711906598146
0
0
0
0
0
14.28657635712666
0
0
0
10.7167023164201
0
0
0
0
0
9.510206551137433
0
7.629380522362705
0
0
0
0
0
10.28673224780539
0
2.795613992656683
0
0
0
0
0
8.3734172995392
16.29148367032016
6.293647825858307
4.867054957111074
0
0
0
5.001462044372004
0
0
0
0
0
0
6.899930868136277
0
0
16.22343286253398
0
0
2.291864811742891
0
0
5.271404565492126
0
0
0
0
0
1.192182679910872
0
1.981374234725995
0
0
20.11754340915439
10.58216009867097
0
2.923890446121291
0
0
0
0
0
0
0
0
0
0
0
0
0
0
0
0
12.34067738138828
0
9.40090813763732
5.273703815334904
0
0
1.352755267468951
5.129854241386354
0
0
0
0
4.023354708759673
0
0
0
0
0
0
0
0
0
11.70952501353644
0
0
4.419861399100741
10.20076159045917
0
9.144839857384939
0
0
0
0
1.604724620569099
0
1.635117872890931
0
0
0
0
0
0
7.446395518156366
0
0
0
0
0
0
0
27.54068616403608
6.023383101136266
7.915628040914341
0
0
0
0
0
0
0
0
0
0
0
0
0
0
0
0
0
0
0
0
0
3.92055892239608
0
10.53673914812823
5.010575760045625
0
0
0
12.48097636588914
0
0
12.40695874103155
1.293131859385635
13.35087078029829
0
0
0
0
0
0
0
22.01269792372301
0
0
0
0
0
3.711849696245866
0
0
0
0
0
12.35111952544219
6.726621515239779
0
0
7.601232348898932
15.94010679463934
0
5.336753273354384
0
4.972667952000645
2.755426296306107
0
16.13500322503834
0
0
0
7.867137103424504
1.868520716989169
0
5.956062219436296
0
0
17.44288031350163
0
0
0
5.231104402763897
0
0
0
0
10.90895516514668
10.60765858056203
0
0
0
10.01355773001437
0
0
0
7.807783961922712
0
0
0
0
0
0
0
9.159140846077829
0
6.37415414940453
0
0
0
3.948037714331915
0
12.51248429637353
0
0
0
16.44906508503151
0
14.49759969995099
0
0
0
9.384810448072546
12.50764781967917
0
6.217195606485687
0
0
0
0
0
0
0
0
0
10.06970692180218
0
12.0206609834007
41.67425806163483
12.42092290220155
0
0
0
0
8.82948813958444
12.40421696701912
0
0
0
0
7.675085122488785
0
0
2.609219139178773
0
8.767115093857008
0
0
5.415079671791426
3.136360070686294
3.683447178236925
1.746763956055568
0
0
0
0
0
0
0
0
16.25973365278417
0
0
0
5.942787367611315
0
2.972147409037359
0
0
15.24599245818732
12.96668727296491
0
0
0
0
0
1.484829950740945
13.1478134270464
0
0
22.00964574422369
0
0
0
0
0
0
0
27.98512850952686
0
0
0
0
0
9.437283153553555
0
27.62563685824769
5.614862527602797
8.049012047183815
12.24132351477593
4.700158593173735
0
0
0
10.72082098002241
17.49600281365071
0
0
2.718142695110188
0
0
0
2.321395815446775
22.0269669641605
0
0
0
0
0
0
0
0
0
0
0
3.422037296595672
0
12.48415038003856
0
0
0
0
0
18.31345254985948
0
0
0
0
4.345374119169982
0
5.094105119411029
0
0
0
4.227135699762562
0
0
0
0
0
0
0
0
7.808326290270031
0
0
10.23933996977141
7.229647327831551
0
0
0
25.40999898647816
35.30581435267322
4.742741179649212
0
0
0.7933939300300181
0
0
17.47799959786876
0
0
0
0
0
0
7.584556858973884
0
0
0
14.73815610850961
0
0
0
0
0
0
0
0
0
0
8.645736044052608
0
13.40707747239316
0
0
10.26227688534508
0
0
0
2.137392556220048
0
0
5.54327111467966
0
0
0
0
0
0
16.74827671394829
18.16104165200536
0
0
29.70603505582426
7.787677164685779
0
11.19612247559087
0
1.939109400080703
6.452084434872275
10.32755505801554
0
0.2602453885024173
8.786320677149284
20.86588629141389
23.12235124289726
0
0
0
0
0
12.9859325432641
4.236319006349248
8.808375666476708
1.839230370001048
0
8.218830015328484
0
0
0
0
10.96813053150831
2.44637082897302
0
0
3.418020353506766
0
4.400355473109824
4.695660321476799
0
0
0
22.21547889450663
0
0
12.70343588469198
18.89735894319324
0
0
1.974026030525716
0
0
0
0
0
0
7.825227415932702
0
0
0
0
0
0
0
0
1.110443587753971
2.426785736488778
0
0
24.80012924478215
0
0
0
0
0
0
0
10.33668122065751
0
0
0
12.72696050538158
3.817252347718092
7.613071360755575
0
4.287844202048575
0
0
9.249076820395857
0
0
0
0
5.962245834406899
0
0
0
0
0
0
15.63400896802432
0
0
22.48119613120524
0
0
3.566352282457094
12.93222465398592
0
0
3.488170479877081
0
0
0
0
0
0
0
8.201166201048625
0
0
0
12.09279619095074
0
0
2.93609210665333
0
0
0
23.59593274415363
0
0
0
0
0
0
5.415444937990727
0
0
16.11974453002107
0
0
0
0
0
3.036303599155976
0
12.46684778382013
0
12.83913856974528
0
0
6.192474218048468
0
3.302549399201165
9.56696455960868
12.55747985487461
27.57541829066121
0
0
0
0
0
11.71348151231576
8.406769675131244
0
9.920117904447068
0
0
6.524432204128296
22.38461735959049
0
0
0
0
0
4.302411630097807
0
0
0
0
0
7.571353000956669
0
0
11.85532856055245
0
0
0
0
0
9.123742607473783
0
0
3.733628467936794
0
0
11.51324373125379
0
1.257950522751074
0
0
0
0
0
0
18.36210154259252
0
3.160477212421128
0
0
0
0
0
2.36293750444053
0
0
0
0
0
0
0
0
0
0
19.6393560340445
3.722911312307458
29.27269773419827
0.2318222912919518
0
0
0
7.835219501458153
0
9.369720265623968
4.550197873757757
0
0
1.61451812124567
0
0
0
5.345517228122039
0
0
0
0
19.96833791305235
0
0
0
15.07458289000543
0
0
0
6.70152621885904
0
5.646280216419322
0
13.7516764475914
0
0
0
0
0
0
0
0
3.626940161621673
7.331623314627476
0
0
0
0
4.472601801952941
0
0
0
0
0
33.37402783623399
0
6.449350317912631
4.276382852766874
0
11.63847589851692
0
0
0
18.76569643917831
0
0
5.527691189530437
0
13.58564061059006
0
7.94771267541311
7.8468603306837
2.601398732471389
2.701630962137802
0
0
0.2686822699814391
0
9.727626351246361
0
0
9.163924835773638
2.557848010148821
0
0
0
0
0
0.704923201564958
21.06608216199912
8.662608047019948
0
9.741376472766062
0
0
0
0
0
0
0
1.693903803924932
0
0
0
14.35624896164784
6.150705171399662
16.06068616417332
0
0
0
24.77344654834876
0
0
0
0
5.176861643776657
0
0
6.735049890194768
0
0
4.517463215778301
19.61646155926681
0
0
0
0
0
0
11.19718665679065
0
0
0
0
0
0
0
0
0
0
0
24.15040186164699
0
0
0
0
9.811822216458644
0
0
0
0
4.194509456191323
10.85614474126558
0
0
0
9.753824276493292
7.905186758803341
0
10.21003623602756
0
0
0
10.26005019343786
0
0
11.62872843944877
0
0
6.178574251049619
0
10.72689651275248
0
0
0
7.637377092881125
19.27409531208917
0
6.928928793447064
0
0
0
0
18.62887205291621
0
0
12.4381161087225
0
0
16.63823343131465
0
0
0
0
0
0
0
10.29060935306944
0
0
8.226068508792515
0
0
0
4.372711872628034
0
0
0
18.49892197700796
0
5.758631948550642
2.885743895240029
0
0
5.85438380121288
0
0
0
0
0
0
13.59503411803912
0
0
0
0
0
17.5038936304432
0
0
0
0
4.250294506166703
0
8.315757538778254
25.52011289792754
7.455946857344066
0
0.3302665415340209
0
2.129001511549153
0
0
0
0
6.081713683008809
0
0
0
13.42991469419511
0
0
0
0
0
0
0
0
0
15.26146846259093
0
0
3.155545825001267
0
0
0
11.26547105564813
0
0
4.939330323336718
0
0
1.715220873944797
0
0
20.52261047398731
10.02422958340753
0
0
8.620238384089069
0
0
0
0
4.852649864565663
0
0
0
0
0
0
0
0
0
0
0
25.90466238305005
24.11335886712136
13.83574683939529
0
0
6.067878985583683
0
0
0
0
0
8.812357862180324
0
0
0
0
0
16.30707789290976
0
0
0
7.927567650372822
0
0
1.856458669217638
17.16820048184162
10.3294756142589
0
0
0
0
7.474816490021522
0
0
0
9.671593121498228
12.84196341410483
0
1.922301738959561
0
0
0
9.446993132664836
0
0
0
0
0
0
0
0
0
0
4.81202296714196
0
0
0
0
0
0
0
0
0
0
0
7.778162504290997
0
0
0
10.78467628239574
5.119953427440031
9.854742700206362
0
11.33125451752452
0
0
0
0
0
0
0
0
14.63450796810556
13.27275920916323
6.314237476886629
0
0
0
0
0
18.06998232335145
0
0
0
4.094675202593539
0
0
6.978134009172088
13.00509142137602
0
0
0
0
0
0
13.63825017882519
0
8.210796934668945
0
0
8.294122535558612
0
15.58517009116605
0
0
0
0
4.485169548313117
22.18128182726854
0
0
0.7728620641328733
0
0
0
0.5140616715936435
0
0
0
0
11.74251315093357
31.99912406626049
0
0
0
3.891301093303902
0
0
0
0
6.50565958897517
0
8.689107983400376
0
0
0
0
26.24857961914422
0
0
0
0
0
12.93663478223559
0
0
0
0
0
0
4.6859597926122
0
0
0
0
0
14.67493231473242
0
0
8.363904806081583
0
4.886223807630864
0
0
3.763969763526997
0
0
0
0
0
12.58152968679462
0
0
0
17.56090980384602
2.597907954345033
0
0
0
0
0
0
0
0
0
0
0
0
0
0
0
0
0
0
0
0
0
0
25.16132641282439
7.712521542563982
12.24710801585763
20.03264793110035
0
0
4.735457112324121
13.80600336919313
0
0
1.982676550312364
0
1.994214440135622
14.50175313191462
0
10.40479718248955
0
0
0
0
0
9.811099866981259
2.706992388952152
0
6.009108753552698
6.5674285779813
0
0
0
1.784430360048877
0
0
0
0
0
0
17.5388057020775
0
5.956206183407888
0
0
0
12.06317950898337
0
0
0
4.5958954728402
0
0
0
25.87220113149129
3.957156893369129
0
0
45.16579502216419
14.50817297762224
0
0
26.55461428554951
0
0
6.779480280318313
0
0
0
13.27074881457674
0
0
0
0
0
0
0
0
0
6.637340320363831
15.05534827905123
0
4.702243987029769
0
0
0
0
0
0
7.041437214957758
0
3.467017885424706
9.071711630415818
0
26.88871688999843
0
0
0
0
0
0
2.735197090687774
0
0
0
0
6.501079643162809
0
24.36162870199447
0
0
0
0
0
0
18.47897847990969
0
8.347366747356388
6.435112792127866
0
0
0
1.624053030536381
22.00057567165743
4.448623078420607
8.280858423610281
3.978203318446894
7.097603529843834
0
4.626733943881776
4.198506816333766
0
0
0
20.35751332754538
0
23.52349354376918
2.868577144413927
0
0
20.29317629047319
13.85355936433452
0
0
0
9.221521441114335
1.564653385794742
0
0.2805680072617916
0
6.783488900811378
0
6.577361772563601
4.185799285903088
13.12021750129739
7.909710777516134
0
0
5.702196689032104
0
0
0
0
0
9.269406261749062
0
4.571755785062075
0
0
0
0
0
6.604081925513162
0
0
0
2.039176782997294
2.579939445004164
22.21734884182185
0
0
0
0
0
0
0
0
0
0
0
0
0
0
0
0
11.25930580890901
5.377605259484884
3.317608280971274
0
0
13.78516765512222
0
0
0
6.239541450494574
9.533679165631991
0
0
0
3.719885391458153
0
0
0
0
0
0
0
0
0
0
0
0
6.571893228847719
0
0
0
0
0
3.646445004207801
0
14.3234755419397
0
6.412895571588555
0
0
0
3.346176817933015
0
4.608558252842951
0
4.668453341590916
0
0
0
0
34.01973551375086
0
21.07345309941904
3.487816513038755
0
0
0
0
0
0
0
0
0
0
0
10.7775330625135
0
0
16.68540676257197
0
0
0
0
1.778803054014001
0
0
0
0
0
0
0
0
0
0
0
0
0
0
0
0
0
0
1.328716658950489
0
12.51819727814991
9.701563189271731
30.68280892243197
0
0
0
0
0
0
0
2.921871995877897
0
1.421266889062795
7.089787527439433
0
0
0
0
0
16.6771077728705
4.671569324727491
0
0
16.33025864412334
0
0
0
0
0
0
0
7.97336224805404
7.135698613715949
0
0
0
0
0
0
0
0
0
0
0
0
0
0
11.28604107816702
0
9.500065421670977
0
0
5.821602617802633
3.375501794270916
3.26090764957699
0
0
0
0
0
0
0
0
0
19.68947658637672
0
5.695830000391862
0
0
0
4.359081266309611
7.093387455711269
0
11.23724823700138
0
0
0
0
0
0
24.14982491491644
0
0
0
0
0
0
0
0
0
7.853450669944941
0
0
0
9.091548633716084
4.024381932593608
0
0
0
0
0
0
13.99623422101902
0
0
0
9.069391273122934
0
9.701293079256839
5.307685266331069
0
0
0
0
0
0
0
6.365649344713774
0
0
0
0
0
0
0
0
0
0
5.944920063623952
0
12.50554505275617
0
0
5.141345503976558
4.472969041471742
6.445437649822473
0
0
0
0
0
0
8.691018509141845
0
0
0
0
11.29445608756694
0
0
15.15744104625365
14.89326069954011
15.1523874274719
0
6.612824054145871
0
0
11.07355735063313
0
0
22.93139578377428
0
0
0
0
0
0
0
0
0
9.094509911735818
9.161663825185304
0
4.257750563797141
0
0
0
10.96709947454696
2.688082940496534
8.281153967270159
0
0
13.60516124363811
0
0
0
0
0
0
11.01672789774761
0
0
0
2.424831636541652
0
0
2.165196045875481
24.75205395035029
20.64034125405967
1.688676905508066
0
10.1669003530193
0
0
0
0
0
0
0
5.439558501340568
0
0
0
0
0
0
0
0
4.563058008426622
0
8.833716846810919
5.838671540349363
0
0
10.34700783551103
0
0
0
15.18610235213694
0
0
0
0
4.388071576573545
4.5675499417868
0
0
0
0
0
0
0
0
0
0
0
0
0
0
0
3.054328900937778
11.13656513849847
0
0
0
11.48334135468628
0
0
7.37435717199436
4.920410147514992
0
0
0
0
0
0
0
0
0
0
7.094378756013445
0
26.43265485089102
0
3.093800271376632
0
0
0
0
0
0
0
0
0
0
0
0
0
0
38.33003758701889
0
0
0
0
12.28983152155654
0
0
12.50565263090754
0
5.470210766864533
0
0
0
0
0
0
0
0
0
0
3.204543024339027
0
0
0
11.29137190725075
0
0
0
6.34680943784617
8.898650254897811
0
0
0
0
2.030143800345724
0
0
2.803497079084098
4.322553637628138
0
0
0
5.134468376753282
13.72320518513772
0
0
0
5.863499546895802
0
0
0
3.296822985074852
6.898796122568199
0
0
21.45216879439822
0
30.79725537552383
0
0
0
0
0
0
8.271827389231106
14.6530558855825
5.980008264749102
0
0
0
0
13.24027268465318
0
0
0
0.3809649542762266
0
0
0
2.223431395483552
5.870617182143656
0
18.57609685489275
0
4.811901158455428
0
4.578819021526936
0
0
8.563125212858374
0
0
13.25862899632869
0
19.67577779321713
14.66067623135513
6.290986054944085
0
0
0
0
0
0
0
3.881130927187803
6.593603061940382
0
0
0
0
0
8.618365254060867
9.418781953322208
0
0
0
0
0
31.62210136101608
0
10.09324926577239
0
0
0
16.0744730243955
0
0
0
0
0
0
0
0
0
0
0
0
2.639677344714901
0.4876972500702134
2.259489632075858
0
0
0
5.124006878673968
7.369629283773147
0
0
0
0
0
0
0
0
0
0
0
10.47501232152073
0
0
0
4.035767376442564
0
9.334770036000922
0
5.908261293303364
46.33130414829807
0
3.154399697353474
16.77093929318235
0
0
0
0
0
0
2.939667136923942
0
0
0
0
0
5.74052090277025
0
0
0
14.7480124204287
0
0
0
0
0
13.06801542189905
0
0
0.9892471778595874
0
0
4.68741036215645
0
0
0
0
11.45138791394002
0
0
0
0
0
0
0
0
0
0
0
17.17858880202644
6.412063106115609
0
25.21160971469368
0
0
0
12.38003456329782
0
0
15.07062097908754
0
0
0
0
0
7.54737409459378
8.147598722584725
0
11.25394786318962
0
0
0
11.99048191266287
10.56940210117243
0
0
0
3.29489554366853
0
0
4.950795679348562
0
0
0
9.765794019858809
0
0
0
6.917442394741482
0
0
3.815229938678255
0
0
0
5.820451648802731
0
15.15005647490557
0
23.98674626895014
0
3.847898940372586
0
0
0
0
20.89936758632266
0
0
0
0
0
0
40.34308547250878
0
0
0
0
0
16.5634016831304
0
0
15.30069410368636
0
0
0
0
10.7711661289668
0
0
0
5.676069046951931
0
3.041148240949423
0
0
0
0
11.31521683927437
7.277016599441321
0
0
0
10.1308211317008
0
3.433854049244097
5.117670199717597
20.55397543058456
0
0
13.03283160348748
11.33625503006146
0
2.468344308034734
0
2.451818263276727
0
0
0
3.55610721999867
0
0
0
0
0
0
2.588918517275315
4.751629865479412
0
0
12.88007187467162
0
0
0
0
0
0
14.14854920165524
15.47173820391251
27.34859168086725
0
4.552357366971411
2.867371957830858
0
0
0
0
0
0
0
0
0
0
0
0
6.52753212616329
0
0
11.49418616119726
0
0
0
0
0
0
0
0
0
0
0
0
0
18.69263777171953
0
0
0
3.693718038081059
4.949685067751094
0
0
0
0
0
0
0
0
0
0
0
0
0
0
0
0
0
0
0
7.557670737330256
0
0
0
11.83119560123719
0
0
0
0
0
2.750453682719172
0
0
0
0
4.46452379742385
16.63505844250051
0
0
0
9.926669555298297
0
0
0
17.77715878970183
0
9.449603334327964
0
0
27.41927516508891
15.29505389662718
0
0
0
14.32837401865497
14.79517962511435
21.62867701262115
0
23.30113512069487
0
0
0
0
0
0
2.066024409595761
0
0
0
15.69552062089271
0
0
0
8.285396079801066
0
8.91384411944194
0
0
16.56925346834294
3.764190944782928
0
0
0
14.41384257802992
0
0
0
0
7.657202569350052
0
0
6.222310708675205
0
18.04986140997896
0
0
0
4.76201410221681
8.320652331838476
0
0
0
0
0
0
7.200890047203322
14.03323566438528
0
0
0
0
0
0
0
12.25802430631767
0
3.380325232478223
0
0
0
0
0
0
7.121741392422179
12.30794291542599
0
0
0
0
4.270382040712287
0
8.265020930345964
0
0
14.40503434425031
6.074393808799926
0
0
0
0
0
0
0
0
0
8.279132492813201
0
0
0
0
4.616833911536491
0
0
0
36.22808763993245
0
0
0
0
14.19868452486483
4.526078450572999
0
0
0
0
0
0
5.585885894088482
9.782427778082134
0
0
0
0
0
0
0
8.940891157342078
0
0
0
0
0
4.764627891768646
0
0
0
0
13.58343362476525
0
0
19.73144270077202
5.905021196230561
10.75523188803967
0
5.189981203787527
0
0
0
0
0
0
0
0
0
0
0
0
0
0
34.34867504401991
0
0
5.459070173308867
0
5.829541009769603
0
0
12.35495403290668
7.024768453304921
4.452157787302942
0
3.23129337000911
0
0
7.333942342346998
0
0
15.51525092769029
0
0
0
19.2279860935709
0
0
0
0
11.20763419907935
0
0
6.943434527833979
0
0
0
0
0
0
0
0
6.641036166985725
0
0
0
8.48642654334123
0.9161542389534504
0
0
17.69503242911352
15.45330909056327
11.63904008245343
0
3.735458452365599
0
0
0
9.031197477909757
0
0
0
21.65600629025582
6.684381130552417
0
0
0
13.74182417707612
2.675385118601706
0
0
3.347744701346271
0
0
2.416094663982694
0
0
0
0
0
7.213326379215845
0
0
16.83122783063097
7.334288525927821
10.74229702147319
0
10.97924020786981
0
5.280399607632953
0
0
0.2934544615076174
0
0
10.18909069455044
0
0
0
0
0
28.46802940884961
0
0
0
3.658650756130954
10.91458675578215
0
0
0
0
0
0
0
2.522362649066368
0
0
0
0
0
0
0
10.33840807533212
2.850920005508299
0
8.657100833918893
9.244360963419556
12.36257817147924
4.993094671864435
0
5.693710713396786
11.95455085482518
0
0
0
0
0
0
0
0
0
0
3.479045165763705
3.68752353178721
0
26.99515099354155
0
0
8.461015185017326
10.80582646151798
21.44164350911634
0
0
0
0
0
0
0
9.481825028038385
0
0
12.14951821818856
0
0
26.83510467573385
6.835978591364609
0
0
0
0
0
0
10.90665725914047
7.744279184898462
0
0
0
0
7.907700729560743
0
6.401721800296593
0
0
14.90226633895513
13.67541292800482
0
11.56377032374927
0
0
8.916870040859205
0
19.21341017868004
0
17.12973595311339
0
0
27.99370041539479
0
0
10.26371289972747
0
20.92455767015149
5.832476344460549
0
0
5.17633425192111
1.456983073631978
0
0
0
15.65455433723862
25.58154192443889
0
0
12.06124513878951
20.89660175167239
0
0
0
0
0
0
13.90877428993011
9.56701789686354
0
0
0
0
0
0.8766486005226315
0
5.055188381592916
5.74489071404316
0
0
0
10.63439731931787
0
12.21251730296687
0
0
3.003838974354227
0
17.59637060628597
15.95756825810301
0
0
0
0
0
13.92306030416648
0
0
0
0
0
0
0
0
0
0
0
2.801845443882392
0
14.08281181137319
4.549186645674342
13.47983618955724
0
0
0
0
0
0
11.89788994962486
5.478514159691975
20.77354514985059
0
0
0
0
0
0
0
0
0
0
0
8.605439418335338
0
0
6.55614328478709
0
18.46630261409043
0
0
1.823798155532988
0
0
0
3.746133725577602
0
0
0
10.65446147362534
0
0
0
0
2.637074206787348
0
0
0
0
18.85869759049898
0
0
0
5.348618773707918
0
5.439353903058937
13.13281916848859
0
0
0
0
0
0
0
0
6.628013427857472
4.548505324361995
7.440024580443304
7.519661435528816
0
0
0
0
0
0
0
0
0
3.416224676943918
4.084603697912573
5.015983840002093
0
8.343928941579538
0
0
0
0
0
0
0
0
0
0
0
0
0
0
0
0
0
0
7.62546831955925
0
0
0
8.170872551817681
9.000160847397748
0
0
0
7.495168601744594
0
0
7.119105363666195
0
0
0
10.61770278725419
0
15.40566192210673
0
0
0
0
0
0
0
0
3.458886479572643
6.259027194490994
0
18.63881801989423
0
0
0
0
0
0
5.96933153431075
0
0
0
8.551923750030738
0
0
0
0
0
0
0
0
0
0
12.21947967428326
0
0
0
0
4.150660239965368
0
0
0
0
0
0
0
0
0
11.88261562882142
18.95961570752471
11.45262784907706
0
4.927495024345246
2.101847038466577
0
1.793607947310532
0
0
0
0
0
0
0
0
0
0
0
0
0
11.16030187158447
0
8.804919772751079
0
6.924233665425721
0
1.69976959301097
8.781358074739146
0
0
0
0
0
0
0
12.28246480892803
0
3.241389839978408
0
0
0
0
0
0
0
0
0
0
10.64997635542191
24.65272643526262
0
0
0
0
13.44337933547846
0
0
0
0
0
7.129068919587638
0
0
6.834846217084332
0
0
0
11.91879328110413
6.46172392344652
0
0
0
0
14.79010321982027
0
8.437898699944888
5.298537966707721
0
13.62798150363058
0
0
0
0
0
0
0
0
0
3.999285608893039
7.721859143329474
0
0
1.971582345923075
10.14902371624008
0
0
0
16.06753332117007
0
0
11.39999768655051
8.543116686279001
0
13.12573679614858
0
4.863262791996016
7.376804611672787
0
0
0
0
0
0
0
1.536739225743855
10.63304385772407
8.981921000173989
0
0
0
9.741758413146215
0
12.13593491322068
0
0
0
0
0
0
0
0
0
7.45936562728307
0
0
4.664456803634395
0
0
0
0
0
0
0
0
5.225222502045126
0
0
2.636602540385077
0
0
0
0
0
0
0
0
3.856286882946982
0
0
0
0
0
0
4.408554349541655
0
28.16304659309822
0
0
0
0
0
8.726595729051281
1.448576986119396
0
3.025956191601288
0
0
0
2.364059492569389
21.3130869234747
0
1.471475362327901
0
5.896810690711602
0
0
0
0
0
9.595928246758294
0
0
0
0
0
0
0
0
0
8.451532438220502
0
0
0
0
0
0
8.129097627283743
0
4.048243135716887
0
0
0
2.646600534557789
16.31914899690074
0
13.65865343092084
5.326574420431253
0
8.947639820327856
0
9.719333980482716
0
0
0
0
0
40.48663990404052
0
0
0
0
11.75631143977456
0
0
0
0
10.39898604619283
14.52159016405204
13.59156185326645
0
0
0
0
0
0
5.711516163416555
0
14.02888794362751
0
1.372817492236263
0
0
0
0
0
0
13.35571170467656
26.3433931652709
0
3.917824031047314
8.762284144410415
4.060327318692853
0
0
0
0
0
0
8.225232603816279
0
12.8796815141442
0
7.406462017650066
5.410806610661267
0
0
0
0
0
0
8.928696197615599
4.257222289568172
5.815777801254042
9.933769257314218
0
7.638916336357289
0
2.981344645290252
0
2.611945125141721
0
0
0
8.332285626767117
0
3.490639711943918
0
0
0
0
0
0
0
4.555868764722384
0
0
0
16.38395515479429
14.867040751176
0
0
0
0
0
6.512269946037764
0
0
12.71274815002253
0
0
0
0
10.16443597873483
13.99468872770784
6.286779104955271
0
0
