31.45971535341575
23.39407025503652
30.97753341798191
23.48099295675716
31.36714328093521
26.78676715104807
26.02355504772246
26.47728274178192
29.090391848713
26.95298597068845
25.28127567249167
24.5871084631317
26.05351900971456
22.33197289296539
22.88952980104697
23.26412504400383
26.35693067882112
27.14810336342777
24.6600773227905
26.67189243284982
23.94081805539876
27.18740438180733
23.83656997972201
25.15144306279553
22.87464875846989
28.66277806665506
25.28091846303411
22.18123820430876
25.2632932177309
24.92017132246919
23.2044789457173
24.36500533176298
22.44564051490694
24.863999856967
29.55842518510348
24.6941908078963
23.23172348760049
24.2841705102037
25.43978531759802
26.08062435400834
26.38273315478932
22.15184571124183
19.13321797249962
27.20605933190231
25.71232540401731
28.63173681749636
29.33624038978035
28.71265508196199
23.33983390211232
23.30777811254654
27.74400957310435
20.57595180305913
27.00690006971268
19.18538818268294
25.03357670599663
26.71224209383861
28.74454246536357
23.81632955951773
24.41661350855013
27.00176202349657
25.40681544887593
24.08553564103928
18.72452398464329
23.76155540259583
25.88225463688246
21.99570014737952
22.65017092900728
25.14932439459362
26.43273667392604
23.27060874645922
22.02202653526636
22.35873261086782
20.71203725738625
26.03100504867083
22.92384323697505
27.32457028214037
23.39046455665619
23.08907750956222
26.03165378402794
27.90331737347822
23.88731648905614
25.7606432452273
21.65098509803738
25.84089676569348
20.2173914063511
26.79350819400579
17.62148952698392
25.12974994746212
30.66495735724705
26.41205579016669
26.50487764826136
27.45467376144199
24.62643782743915
25.69635297834972
31.01426792541328
25.90443195263041
25.59822265011798
24.16808009634508
25.02577915759757
25.71990726151075
24.9154583360857
21.58639661570227
23.22851116918162
25.35033732533204
27.07789313695383
21.90436633557945
23.95660918631227
29.97074015406594
19.65398172719301
28.12011145629604
23.93364509297582
26.27514372106834
28.19519952200118
27.60265448018364
27.36084591942941
29.04043400064392
25.82651530903542
27.64431926303075
23.19389498264109
21.56243184977624
31.19238769258846
28.15028772923249
25.46587688055734
25.03582779510094
27.07596095302117
26.47224409374927
31.85276139478768
27.10449822654664
31.62072260111164
25.34042351890484
24.65548333661091
25.66390646357452
20.30681634529768
27.13246661150462
22.79902964786639
27.99372379999692
25.20212659128353
24.07652068683261
27.42257688039648
24.85702091983021
22.81039015137419
20.60828518445557
22.48210686282319
21.51999143497298
18.60301673816512
25.92667282162622
26.86280971717433
23.35601471986771
25.54218473835224
22.45148928386027
28.1732818061816
25.28944538998731
27.33915519626871
22.81053996132446
22.41003313815305
22.93358361795115
23.92993559173378
21.64232464816167
24.04653189555073
21.00694106412056
21.79238681405822
22.80101311055866
22.93508750569513
25.2081531352353
30.18980127562362
23.6397855251299
23.70578450087708
25.16379303766455
25.23647544995255
23.85685812127969
26.34634930070531
22.20244224424626
26.00668259048576
22.5333248922879
21.78886794774814
22.57857811925894
22.84156036130186
25.10636368994516
26.23957060472593
27.22987017117031
28.00430799621222
22.13071605256958
26.8998113209227
25.93357880672598
23.18855455014894
30.01017425711022
25.84497521025552
29.25417450861975
24.47354301527955
24.15701157020587
20.59585910698749
30.51194443909826
27.19957992669817
27.50783983644901
22.33757151870745
25.27472996281518
31.82202634396909
24.10864873138179
25.46436540117005
28.70364170443173
26.33420409547152
24.89300011810847
25.26711927377399
26.55458590090831
27.66353875120945
24.50465891297918
23.2502754884835
29.35007339740954
23.34650928081599
26.31295802444381
22.79889510803678
24.96030198015277
26.9514849831113
25.33169039820763
24.85804384953875
22.2550883788261
22.99445341660773
22.5315053846689
18.79666017038825
20.87522551816835
24.91288691370618
21.87259180335992
26.23685338833532
24.52912241823482
25.63629208815157
28.77871152046466
26.43782678997601
19.46303409683218
25.4978173992939
28.41359766620259
29.73723100444114
23.52383825561445
27.38912463037315
24.71122919815194
27.79229995681577
22.45484768361457
25.10482519541243
25.67993117416239
20.05545619532856
22.51014516252571
24.41949364579317
23.14105174824572
25.36181982656561
27.19781024652551
27.32114337098637
21.74004449227701
21.55978607519711
30.05919972778148
27.23349714646876
25.91015665001126
29.9411403017609
30.96765576834931
21.89434083410678
29.3833407408253
23.65439748515249
21.69894393219968
22.55032570326748
26.67888438739493
23.96331165203196
29.31327535801526
24.33037735740939
27.51775014612628
26.50295263003676
23.687222883624
30.0774190751215
21.60128039059482
20.49097437523311
28.17582323882911
25.9604714240229
22.98478455966447
24.78988230068692
24.83761885174832
20.86127219755505
25.80938138556295
28.97770354531007
21.97762714294771
18.49084175114317
28.57371145073616
22.08925178335829
23.15103841671363
22.95569847327953
22.30688993003037
30.7780801508811
29.63202327528758
26.62594674896471
27.08612763844469
28.4284794783367
26.93982229404655
23.96990134537074
22.23219742771767
25.05264832784918
25.88532621755618
24.12418072576864
23.31504181673397
26.73945320146531
24.01720630896526
24.78273927600747
18.38862635389764
24.25946157161974
25.47079323112035
25.70150538383205
22.97378762034372
30.23532577310985
21.19313247925992
20.70998031333693
27.18511545810208
13.51703659843512
24.79016054605827
22.71993022645863
26.35710988097385
30.37618648991817
23.13914987535097
25.24295309544207
25.55289350108391
24.71370856142492
28.06482257855397
26.76118290178744
24.37276535580956
25.17922697773375
23.55194057931899
25.52677648325746
20.45135197698169
21.78063624688901
29.8026920939898
25.83706385469037
27.30422197793819
24.11191385071333
21.98136009936725
24.11998478179482
21.88626844063749
29.25176915517594
26.41845461642875
25.70072709461397
27.36465340454196
26.00384697341636
23.90581735966144
20.70799367519901
25.87544775034014
24.20001281148029
18.30095353195021
20.75432908090393
27.15541606612569
25.60164647828189
19.6551287135253
22.70135894925373
32.89694966540799
24.28577256927963
28.31270242253943
23.82051022803497
17.27891057439221
26.91152457468082
22.18018174019156
27.25737852536752
25.05207968519165
22.52628457689497
29.27266412478549
25.43574963093216
21.97144417067651
22.28772075269602
21.65420073282524
26.91379439553452
24.73714899582039
21.50725222328547
24.94833835987061
24.7556630650855
20.60988902748298
22.10242154357402
23.24689720151368
27.46699984224076
27.95480323301537
24.24591194640083
26.67886188552454
24.31780495538039
22.07954806301433
23.06355624680739
26.52523882371348
26.82804223826843
25.9987778492113
24.35346384992777
24.76362437384032
18.85207255713201
26.08970289075261
25.42984582321133
28.52817618877297
19.26018116028846
25.31609383700129
26.9411984106516
24.85448327579271
26.17553613704919
22.6078799525008
24.71728185266232
26.65926317953592
24.55372380032193
25.58765681805233
21.4814961818531
23.0580050149353
27.02273827258346
22.8487814168803
22.11939586530455
22.97114522607276
26.50161119511784
30.82642641124202
24.77220334402848
21.69698147783926
21.95105170558908
28.30420255586368
21.82864660649506
26.54525377739111
26.80728600107958
25.92748536367898
25.64271761815008
20.44899648094364
27.32874591773684
27.91548002438244
22.77955429169373
25.18992699161777
28.0065974135269
25.25283650541389
28.73395800994517
25.67649626962835
28.68291261109552
29.01579244589501
24.33087370411224
27.14948478954164
27.97953611673247
32.23310187436282
23.76470269255321
22.76624186323264
23.39447016614762
26.12826940200611
22.03916046060702
20.91242258585541
29.22955403783772
24.25206595239043
23.08786160312552
28.52153290007783
25.61339827839976
24.04355766152866
30.43869974074776
29.1083929945778
23.78509670341861
25.55286306853544
25.75969606926226
26.69445785070182
21.64349410760678
20.63439522204106
21.97890774551389
21.19355513937629
24.96230706673285
25.03717579946392
25.25679117620918
24.14801263657317
25.4971524982533
27.10152223072984
16.28207201444627
21.43786946375149
28.2623477798898
17.32025146747939
21.78946203906682
21.65958723775322
28.83788561419365
21.57809487380368
23.74641495503874
23.32927108907874
24.01627457726135
22.05986606762521
23.88729858879116
28.49997546796871
25.85643025440687
26.4452022367845
22.04915671175958
29.42533630884992
23.8768797227327
30.86967963208506
28.63772857427182
28.76963762665287
21.15186054998878
23.56800795836496
27.10725373499959
22.67183851100227
22.46229934959781
27.5853407434063
23.28802240433458
28.75473439119641
26.26978019777683
20.02699813475453
19.68452411617923
25.51741676129205
23.71626672784848
22.11441413440713
28.0356700707605
19.76714921406601
25.03119091054268
24.52079459458822
29.35068152573014
24.25093524535473
28.5477757115898
22.96457710316074
29.56427410168912
25.51315078281227
26.81370750973836
25.96443470439938
25.43691696020751
26.48927574946609
20.24350336364156
24.66198351238075
25.17169267648718
22.83789301301049
22.2499355196508
29.63058956182525
32.74472813882648
19.69386625988145
22.7046839004858
29.069222453667
19.67008429881917
25.66230717039371
27.87188866197251
20.79167139970273
24.60659080768031
30.05104469507456
21.57238142180384
23.31046795407222
24.04745717035754
25.7597264096611
28.86820565885262
25.65479208458228
28.96275962177518
26.79959425685102
25.45206744561037
25.66261474567523
30.39185087604254
23.94326903712139
26.71109098460354
22.98526001461725
26.84015240170839
25.9203484005194
25.27066109822215
25.95786021047351
22.9962725266868
24.85938896617342
26.04472620765184
26.16170827639698
24.57874206170485
24.99293115890074
21.50076501176022
25.24037142273408
26.60785709811224
33.71630908876703
24.09773516065284
24.88184027155692
28.60397248272493
24.07626152953226
24.76726122724102
31.20272698936219
26.62691720107648
26.3793824098771
26.35075329789854
23.7784632394377
28.23922565509821
27.47919725727672
28.74464006468888
25.37936663324736
29.57490604073093
23.71362616977394
26.86930502582747
21.34601849619738
28.51289701873026
28.92948489706788
33.38921753573467
26.6368187995597
22.85712756187048
21.91866220175218
23.91121321417073
22.00823956796473
27.59526201201436
19.1689792264773
22.83355636175854
26.06523445611223
24.77264309916341
19.25005215217622
29.87488826751975
27.74295335607914
27.38807211123515
25.43794860907957
25.84199885527508
20.47847012472162
24.55712302049113
27.67006295332254
26.3085775023145
22.39954443622176
22.15625352887631
27.39484634592197
26.45574108664787
27.68623549797209
21.38311284195224
21.04087774871916
28.81978768750734
25.65279893882696
22.57370805499154
26.88947071772384
23.96290790008473
22.56723477511654
22.92694069324245
22.26807028167618
22.64045753722236
20.34332383148033
26.19086580161174
24.94166790268357
24.91001006000563
21.58196367252679
23.10523750641564
24.523359007559
19.6843660238432
21.82631181677314
23.28080253771911
21.45339732705153
29.07485704348027
23.61172646002833
24.52021720189282
22.96958224891587
27.55880775690262
23.77577568447456
22.10020866731961
15.54324872268216
26.12252923079883
22.34516032461443
22.86465547757311
24.1270835441663
27.85906664545746
22.71307482900437
19.92347439404194
24.90356808889095
23.51342476470646
20.74070907641337
31.74389827249677
23.75419011309116
26.0218416317956
26.56891825560585
26.31290510626916
25.17288233076835
19.85811838592749
18.53653800643829
28.09438994962544
22.77380917580195
25.8394817974923
21.72329811801615
24.82401551817104
26.1310092500528
29.82366718461698
22.90993816582996
25.96907302674067
26.48351074535035
30.10936736361209
21.17682989677214
26.08499492594387
27.65126707875538
26.19032678058547
24.66817795202583
24.0128736475094
24.47158464547531
25.33640643379828
19.75264804128989
15.47323053779414
24.03260007467334
27.83195269920845
26.17329528122932
26.76054089209471
24.8164447790273
21.24976449519219
18.87993117846667
27.54733501780943
25.29323854026403
22.65084998396185
32.31915720786578
26.4325317693195
23.8824702573895
28.10614249506707
22.58518334308009
15.33561647748776
26.7867637509429
22.22911830694952
25.35773494686681
16.1294962695534
25.40129186184107
24.66471448881759
23.01040095332591
22.35042005423351
24.81036195398027
25.05675190794157
23.00138974627236
24.62419874098894
24.60670990068601
20.29218416682769
22.87533004665963
27.42654451312057
22.56209177561919
28.49582153160417
21.5738221327452
23.03118227228983
21.85895676706262
25.1483984615395
25.01091094781826
23.91465548313406
24.12755061687949
32.13941302807825
21.26020244933976
21.88371556336826
25.09768286273522
22.41773726230026
32.35735210981287
23.67401095957327
22.90118441781797
24.14849246123358
25.60017991488054
25.42913353244401
22.89946588526421
24.69265509056939
26.33673792862817
26.09291733460668
22.12221064857708
26.05559290342507
25.27427669694553
24.92440271220762
25.60047589045883
25.43495040257134
22.74434630847478
29.28556130504803
29.204336949278
27.34470627111002
23.91345209489557
21.9579082701887
29.6106921101203
22.27086558189731
21.71166094409212
27.76153118206778
21.80786794158195
25.45049614888888
29.14265591264546
24.36398034680243
22.65165557417208
25.63202503739843
30.20900577267879
22.43009861465961
27.05308349646739
26.92321383657735
23.06239091788332
25.08450179621938
26.03628744965037
25.65488089323892
22.89960852300425
21.44807363696467
20.85872736861833
26.75048200906416
19.1903288580163
23.2129888897614
23.28791610907201
22.51649716360606
27.47829302591017
34.46863198012761
22.08875946422687
26.37853719991381
23.05568958790222
26.8913570561203
23.48884065069992
21.59350917009414
18.73946347083792
28.93876634061924
21.43398202972611
26.75089354085384
24.78192431196148
25.55612945426819
24.34917589064689
26.0029801190505
30.96857490178996
25.91851382604356
21.63456753686111
24.88267898167011
27.87795944520425
23.84112279328023
27.08298123992697
29.39600139625045
24.79642077533576
27.67416739873317
27.55878498130375
26.34568456176102
26.82910641508981
19.93696310214786
29.58484270921676
17.65400820479645
25.26955163162263
21.42921660345313
24.59394500118427
21.93975560567421
23.33106178518618
26.43910024240117
28.36818526397381
22.84204452137998
24.54887578552667
22.03690462374767
28.87924012406954
27.57806175780022
23.24633420256979
26.84353468971131
29.90872046820311
29.45228685592283
21.14261069709496
32.36863872686266
23.31213194403599
26.33384547687506
23.04409519563147
21.54671913881561
27.81326358097087
26.72546270143336
25.95146528622816
22.18745029117515
25.00070731420605
28.84531654642985
26.56127603304667
30.90296935395606
23.44706853813737
21.64651516489348
22.79340556471513
30.17503419698367
28.41535017209463
25.44745878878403
23.52081019502484
23.45774459965126
24.82653176710301
26.73121073344871
26.70400687485497
26.53327822525134
28.79231125446163
27.49029713224033
28.20738188986559
24.7887139189535
21.77975166038807
27.32942218968187
26.40471294946403
27.98240489050217
29.81879367575544
26.40492487330907
21.65578940078466
31.42967692631429
25.44107673384724
25.8106939000173
26.53122591614004
21.42721281028286
22.66248211603898
23.75718575887305
26.56069989781716
26.18203212984567
24.38066122599558
23.75858915483753
24.66460397824905
20.94205776284469
24.79954839560834
29.53130470286904
25.4289314288565
31.66995234700997
20.90337917437929
25.0187376073876
22.93305888908586
22.65837847304304
24.86581883693185
27.71880671369012
23.97634271167609
22.71778603342411
25.06721261210819
23.73350268881534
23.08521497253956
25.10585507320868
25.58128729137164
22.95395337530307
20.53488127660814
23.78350012064368
22.82752605837466
21.12049925454556
29.18805035225473
24.89012721036446
29.51792950828278
22.16334001494934
27.88251770883728
25.33305532845267
25.19070545329592
26.09751662067617
24.00405117157681
23.37879321316271
29.22976721908554
21.27510277047416
24.33409088037484
22.66341744823569
27.60709790777827
29.27204737742866
29.80167948320567
24.75826669738659
28.36344319140584
28.86601869961174
25.66233783702478
29.3030805655369
29.38757562874391
23.91906293287823
25.0316113241697
29.73652583495181
35.91109494278223
29.23675676011224
27.29875468408701
29.73131028028644
28.44390041268837
22.36722244476097
23.71761912763323
23.29844754182997
26.48506534797674
27.0036227514388
24.87539391323613
26.34600237029471
25.8670632293876
23.55810679831025
24.38777351362082
23.14816820099992
27.13936868767443
22.19811532700099
26.70441729754889
25.05394780136807
25.60798225031769
21.65331539100396
24.51827708181352
26.10317460072584
24.57064660253113
25.43040180413229
25.56084476808475
25.04881181971906
22.20672175785487
20.23202651795792
27.47630349011685
19.96228610543263
25.00361744079913
26.44404233499312
28.43851392242885
28.9865587450273
23.00014787229771
27.71953322607666
27.36639901915905
25.40567944987231
24.04244380764454
27.45797058878389
30.90545519039934
23.10085475824604
30.13569335229086
22.44438155066719
32.75342842437291
20.62607302409182
23.38990046908663
27.26504753755771
23.6425557488285
23.60898813361193
22.31968600798404
26.85967853545927
24.86425633608065
23.01876864737725
24.86822746640101
24.83421095788887
21.93229448148251
22.50991282602084
23.11737439193969
18.42195164340007
26.05579592509872
18.11146171533303
24.17697661857635
27.33084566790931
24.15148300129226
28.87403384859066
25.58723961243273
21.13640860123933
26.27204027584342
23.94971559274524
24.3498277386702
23.60327190062119
26.9057707168575
22.15416313043803
22.46034569235524
19.66862542623566
29.70096452599275
26.00895205108657
25.32228651287421
23.79426161828337
25.96837510451552
25.13687695023421
25.87177891356858
18.51815731802816
23.370623230355
24.92676704873574
23.33245776107955
24.84327806209247
21.97677563567886
24.12131413905742
27.63598498832003
25.47819197864724
21.48167545097668
18.72998506159355
25.10867670900621
28.09547546665241
27.39416507810075
20.39795087791852
25.78657651677006
25.35752977436344
26.56992394813146
24.03582926011563
19.72899944103771
24.39128153949597
20.45944240817713
26.68546245336798
22.79595176028504
22.20378428465798
24.51461838503317
17.82238996592004
25.86940484547493
25.58795356199494
21.14086123929799
24.16393696172621
30.3908330143693
28.81136960100998
18.92646080282675
23.75661409816888
19.78084938765957
23.18473271323969
22.85679141857192
26.18107038289515
26.17293852490994
27.14623587303085
26.1480099877618
24.08518318192202
23.18041544611789
24.08716615408425
24.09943344525081
29.28674442113954
32.91223481095376
22.62159491732704
32.42492044952682
22.95245164093474
25.17706008851577
24.65298094017578
23.00601868008078
21.28965730368469
26.2863815716971
22.51546614032797
25.0574719653237
28.9794012624322
28.29350912509022
28.51784785049196
25.73679305752192
22.70972307616223
22.9898819588039
22.90445962632727
19.7988422303064
28.70458448671691
25.84541513548385
24.00840653975478
25.03787817903528
27.63799043172439
26.36169655486291
25.41828599250555
23.93233856803733
27.12012777422477
26.5829918382426
21.32465769821457
23.09642710317611
28.35714811852979
21.00999585827
28.53448775779528
24.9087337276653
27.34140627180581
25.86852064733683
24.79097944595386
30.24406585212927
25.19631985630254
26.7346481806102
25.87694477220818
24.57359772920545
25.74060250159948
23.01384709532036
27.6031216079697
24.28781133669568
26.98677476100882
23.53196598738877
21.59834491419461
22.62069298279932
22.9532442407514
26.33724786711977
25.08194996075181
24.10105022025339
23.88496263994777
25.82299485251247
29.98907250565457
21.27349935876764
23.66224619603426
24.75779979504023
24.54261269282
22.35244593720709
25.36985501776821
26.16245594609503
21.04074221699094
25.17520897336651
28.50498541323632
22.14035860020278
23.06306683663018
19.10273755711888
20.88511825494938
25.55629383376254
28.55623969298949
24.22610460959391
21.51860426164361
24.52561930888556
29.83013489955063
21.4890430143267
27.83684837979439
21.81125882011212
31.56814010428702
21.12499630067856
25.27402280159587
26.95028158000971
24.06121814793331
25.78946637047045
25.11956104087934
27.10726954851161
24.76386596256561
23.13014496986489
22.06070871279887
28.25929164730944
22.2656039676208
26.5016878266299
26.35415615942042
28.60692962687118
25.99816036679853
20.79243463172721
24.72539312341552
27.61668849744557
22.7428450648772
28.56090869374138
24.37910352557657
23.25010264979833
30.09314989001908
22.71221823922339
27.01788966152954
27.83693216855957
21.12880636577454
23.30354469921664
25.59339407283736
29.04543523909872
29.05916114012534
26.47547530393767
27.74308551644372
25.12193465857681
22.81261531814997
23.87237600107681
22.12403601478652
24.06171991841541
27.48119318668412
30.0742769081728
25.0326744347368
25.4172231600469
24.30861953086135
21.44078958644659
29.20002609510652
22.75816674242924
23.8671343691844
25.57944111101378
19.14490459274984
26.08738711432563
25.30365952939706
32.08750978460201
27.14484190536036
24.37451849717326
23.29953714213255
29.60231552169344
23.88687698741701
26.70099367355491
21.54791031903813
28.04984903523605
23.42430555539548
27.4191873962992
29.52635544309854
21.97168888233776
24.18797987892777
29.1214470781529
26.48971931799728
23.28247327961335
26.02256577703939
24.73130243803765
26.55402811936619
18.15577829787236
25.08896026476773
25.27687714736032
19.66391077362188
15.16831040719897
27.45562873388078
23.71212765904963
23.96629669291652
25.98090560423285
25.96508190514565
23.09769975440478
25.54223284626636
25.02135473312373
30.11049474362171
30.25559664977894
22.84988150242902
20.72509934828387
26.51855544750077
26.24011598623067
21.08748381205775
22.92300162629953
28.95833949308712
24.48081705733223
27.24031140676012
27.90943665423509
29.69072329446383
27.48141509452828
23.4922387510956
20.09922153487703
28.08009505178758
23.34353171384721
22.05369197249173
19.00542328230256
25.94819288462175
25.35005442989121
23.13821539598246
22.9368212945786
22.19446848082035
19.46089579856789
30.22696871599991
24.35153771199902
18.28241786222382
22.91539856604439
24.37890434184246
24.71894575116373
28.22322373661235
24.50299193244725
31.06562457240748
23.12658597937284
20.93680517618866
26.00992520234292
25.6314319518222
27.10513925646758
22.38293932200893
28.45879494497383
28.60982920254548
23.15655789719647
27.75961518228889
28.6249268405303
31.21129257418043
20.19675675454181
24.17254364293953
24.10288503664345
29.8533305810481
21.71628807428928
22.62460929383483
22.57856819787161
24.74351523486119
24.68867416596505
27.3814556530409
33.34772231737205
21.85054614240472
25.60753187512837
23.26873890442317
20.7285080733599
27.70002051979117
24.43346920523002
23.53093401557818
23.07171517364569
25.71591603684087
26.49221260835352
24.80583953409459
26.64725300360162
24.89885367971568
24.96166171090954
21.7965289903953
26.03182350327915
23.89563834011316
26.21651367517547
23.26079543685031
28.47786170614619
29.75199209248355
28.30919538619044
25.23377160654396
23.41798473320493
28.06804330787554
23.07263983007229
22.62792401533806
26.5262201321
24.46545707427993
22.06467884342437
22.08195111913106
27.00092572658816
25.14571935235064
25.6116984422793
26.06426139986634
26.02606405690026
22.61412837114169
26.82947061691765
20.18249037733755
23.47549191475143
20.40050749784064
22.01410289054193
26.11645971875919
29.12366352839577
25.23546064982017
21.86780714861399
21.36804741617642
23.82449688891016
23.13016935453088
24.65972116195532
26.6964570793689
26.86195047015232
23.43331756792427
23.60457176042855
23.82833665971322
26.17260457316061
25.72206954015667
23.77497012483475
24.58709773905461
24.63670517303298
23.80316885270944
24.54875010331203
22.40219282806076
26.64874431476926
22.56962908199596
24.61744503234642
24.08534046951359
23.84783289328404
18.85787317736268
20.27469062750706
24.80139865415881
25.09800427871268
23.94165993265621
25.68037630047491
28.16282710796677
30.21970678984331
26.12144376929346
22.48503120774191
25.847552490292
23.53475102408171
21.08470534546397
26.38631489279511
22.7669152582484
28.2314226969924
22.98956390044349
23.77965518042511
25.43705853106757
25.29720054449274
22.67550663135027
25.71861300519355
24.66648022701621
23.48057052454876
31.60779996225416
24.88720563113002
28.68644512123431
26.633325115663
27.15486146812269
26.48715251536099
28.04772770335711
30.02566118617931
25.00608791451673
22.56207899387781
16.63142897019045
27.81002134525272
24.43698595220237
28.61113479403512
27.02832540770807
22.21990373049628
24.7002421769056
25.39753316898878
23.51198562923742
29.5124738248651
23.74785165651506
19.93835602844582
22.29297180751505
20.31815831876268
21.60184581033034
18.53116543578997
25.58174214230239
25.93824374442027
21.75609618271249
26.3461875067124
24.66032603955809
26.76030200754565
25.73018229381615
26.35878678873695
23.19698292181787
23.54484842862084
29.20875573398253
21.49398690935894
29.60409729391326
25.71882015662191
23.14625302881225
23.28539088663286
27.86183356736355
24.21470640969505
21.4738372321525
24.10591276358526
27.49539477862128
21.68661791932954
25.84943510537927
26.83412036762534
22.04206866109558
24.57663827277016
23.25296983580261
21.4446130709122
26.2124051117767
25.25404760823456
23.31086128977782
30.57349318447857
24.64963270756054
23.41921900733791
23.49708215981144
21.78496819211781
19.80787325890036
17.66616471776426
27.56976518807401
21.05926280018863
22.10205753682821
25.10603632789146
24.88010858890398
23.16748723415328
25.33091749162606
28.45539139937845
22.32447419709799
22.0644077332958
25.33619898664437
23.68135919191304
23.49100811885906
29.49011862158726
28.67498027906492
24.22533629841648
21.08001782826405
31.90609596953366
22.80047570899591
26.12248565005998
31.89070322930787
23.5140881937481
29.92480091221622
22.38735628596738
21.27549764550798
27.76846110187443
22.64462475450781
23.0228663845174
30.65713238548444
27.48324692022922
27.18797866377307
28.64657453461605
26.08449836431688
27.08239973123426
23.30657195300599
24.35719424867954
29.48308567955526
20.41557783190118
26.02279967998261
29.1746727789252
25.66062279856904
22.74218891982434
23.1600202018286
23.26588755686858
23.66819788376068
19.51844470345274
24.58828612319531
22.61819200827487
24.64587925032386
29.06987802069402
25.35164709040235
25.69309933457317
22.44385494570879
23.41418922505566
22.2614047744464
24.4681338801588
22.75098613244748
25.38148619179029
24.98990667273643
17.48188726820982
26.54098689693691
24.85800563203923
23.43858182346161
21.54321535112505
24.1157476956596
22.54392710846176
21.28442340266583
23.98519985217846
21.50940753996143
26.19397420368488
31.91980483757702
24.44199849004749
25.04979524467882
22.37670507751794
26.25721772722687
24.54383309827722
24.30727893962089
23.49501607495017
25.693133642091
25.46360553602551
26.76747414416258
27.05676472924112
29.93017897937094
23.26048283127883
28.71195745067467
26.21786870086806
23.08611428817914
24.85135003980838
24.38370638707034
20.15115461848358
23.3760954864962
19.68130656915402
24.00592633749481
21.89642248439399
21.37063727012463
20.79962524611095
23.75824515921378
25.71549806700076
23.02504172239949
18.45622608830703
30.33898252527295
29.04633650581087
24.20896583175299
21.85631057166142
29.09821237519713
24.47758099990634
23.44600200368814
19.02479841573293
26.05204521613436
21.52324896950647
20.03682302482737
22.0637395469975
26.06022473111513
26.51710270570107
20.22789858724399
27.53893946820796
30.22683582274165
22.66270399932175
23.94528319758822
23.46029964674344
27.23717370747584
27.37480026876789
24.9557629950349
20.21977346484188
23.85346804967807
27.53306128835415
24.68240409608527
20.73509655162003
26.93448533778373
27.49529738288282
29.61490581379568
20.9667848235305
32.72413029526219
25.05055136005141
27.71802794608606
25.10024391154361
25.39550121342751
22.55318903265046
29.61436654267635
24.69608288394535
21.14700752693465
19.77347235134978
22.89170483106659
25.93177576134585
27.6653213359538
24.48166402580151
25.56717641780904
25.16077957391948
24.18655743809527
24.64777105318512
25.80126464713764
23.03797445533576
19.617450974804
24.84257379323946
28.59509254879887
19.77438130277642
28.24802183931192
26.20732771502304
24.94425444297485
22.04074756556845
21.87637804639575
23.18784112665858
21.74380476991765
23.67019663764547
21.10545782611911
26.4559616935365
25.75935334768541
25.82111904745815
24.43050154361906
19.145796253259
20.38639411514217
25.84127451833276
22.87251103639754
24.78652699888155
27.26857040559799
26.82133934934935
30.12819630664784
25.03352932414401
24.69233622955328
29.69237602847927
28.13514534950708
22.77821482104905
19.77845525181578
26.15818154848862
25.123224379188
30.36041505813718
15.01997703954025
23.91577020879369
20.84608151891997
26.73185022118886
21.03531159950553
26.11529270309397
19.47636386072578
23.18136224461605
21.99348890847564
18.63055784016662
22.79100668896582
22.50368560383454
29.74087798526595
27.3432812330279
24.7995399223607
27.34474317788984
24.49194837395974
27.70383231584142
16.22948515855775
27.10179608990058
21.04564681284007
29.98838860433927
25.18811015768836
23.25307797427972
26.8314668929754
24.57866566775974
23.61385427883355
28.48634591266394
22.31010226301812
17.82734629786912
28.12777796106983
23.03108329525973
21.02770982620446
24.34412827889618
24.24629131088297
25.08094070045084
24.76937621941784
25.50573552569611
26.32659530575133
23.34649612058184
32.94568002136579
25.89141344321374
24.67097740212326
20.28907254530259
24.158049849488
21.6230308116503
22.29481737095797
18.97422874665928
21.70924147308136
24.66709227631476
26.48619861626771
27.94920477461741
24.72748472002407
25.00514940584217
24.0181272730841
21.77064556965875
27.12156031259862
20.64002466581119
17.15312406634505
21.5600432957032
22.97611538205383
23.49442148665354
20.8880130823261
20.64032672133782
26.99761509401
25.39130107577977
21.86246387201414
22.47138440538593
26.78807535171639
20.6944517971992
23.26205428598382
26.4587563530324
25.33749862264043
26.12035964931525
25.2883444830875
25.40367746390346
22.7228917995258
28.3016395049483
26.52662245720049
24.66760044679151
23.87318698237647
20.6991129417283
30.63627263005876
20.46725284261215
25.21649726479393
27.7785738572189
22.68628845185533
22.60911630384386
27.39333601740958
25.85390625244986
25.99694734103526
24.45871946347257
25.59771753550952
21.73557867501006
26.30148197396792
30.85969895528907
24.98548204642109
24.05877547220604
24.64048982633687
25.03017563888038
25.04988837387555
30.24643820377509
28.05899762838402
24.43992472667654
24.47096612824123
26.18251070361605
24.35523214650694
26.57781388993953
24.22549603013529
18.83543613608146
29.60500780774296
23.47103010033969
26.71960982110251
23.03417943722745
26.45669812319016
21.98467224407052
26.3370377382071
28.44618130349465
28.91515390842237
29.98952226770164
22.20076403698088
28.0547831010488
29.84066031546105
28.37653618342939
24.99995199053662
22.82449205858619
22.27172485078695
27.6520144662359
30.31722207208261
27.71538619679531
28.67649184753293
22.59706709244892
23.25401202554502
24.06918886238108
23.69490782642416
25.24133531113837
23.30235724418666
23.35919922475694
28.01298983887843
28.31064831517952
26.95718101063676
23.84091922496157
26.31652729267498
24.18930566226976
23.58966944119889
21.13910654982926
27.71684659709376
25.51594253321762
22.18229881824493
24.74571629744003
28.8905289181903
24.73652788136097
27.88191885995123
24.24179389707699
26.53441138493184
27.38846822811283
28.4590487723839
28.83184867288645
27.21433980431584
24.81746302564266
28.5062965265285
25.77909494168609
21.62985832476512
23.2726199088755
23.01519298506541
24.39908140867531
24.96975851575299
25.49621289998455
22.18858374345823
27.94601469093212
20.91486276370757
24.99043685371484
21.49618168335174
26.52699881628908
26.40747185554103
22.73802864973838
22.25580459471319
22.46564558894674
27.74450635093739
24.23537295942841
23.44069343114815
24.9903848593917
21.9940011669173
30.31568748223706
24.32818869077371
26.28627445431199
19.46867974549875
23.54923536737616
22.06424008165301
23.70049766498917
25.55729751607392
27.63843738960102
25.65696842362108
24.08531961254977
27.19252720421476
22.74409858115018
25.2867862947069
21.75608614367427
27.2663399154751
24.7229334600076
26.06870065279102
22.18200449591961
28.95550903130079
28.52776487448004
26.46055119830442
29.14499821802361
28.98597430674565
27.3477547637662
19.24576820671184
20.80467757648632
27.91544154700756
27.98702908545685
27.27483073144449
21.9401346032303
21.84741144365622
29.22496654918748
20.60407063713104
21.28085899867578
25.72937445127438
22.72649034406365
28.95305261311471
20.56702768067294
26.95474057199191
24.82850052634232
25.91805674453243
27.61799864319571
19.82987356930226
24.79268976804105
28.56454137856255
28.27908529189932
26.18009651073142
25.00825505123184
30.1690803567089
25.32805033706092
28.2324569326837
20.88951189419834
25.56851241444783
21.38551955623905
27.57499039685156
23.5821775033496
28.94827783532523
22.94649430505557
32.15537029795571
23.65687657258418
32.83962542810122
30.85855562634818
21.97965117914231
23.54319657437279
23.38575820006092
23.16683301330362
21.44495278943993
27.74981555664293
25.20939292996528
27.99120931140477
26.21618617261337
26.61391244735719
26.94527880493184
17.80484076520887
22.93582014574443
25.25795979159195
21.93779490773974
23.57315501683865
24.22876049881694
26.84959079078148
32.54731423656695
28.56689633397221
24.48677024932064
24.16942665248074
26.37479745994293
26.39782808315367
24.24291506190631
23.36360227763582
24.14071517298878
26.28642338217228
25.62609309583816
28.72802019134632
22.34259296281155
28.13922099921479
21.71845050905442
26.82943542656897
22.68963977399614
27.7808093893233
27.13650134115899
28.34838108488053
20.56547353241622
24.31137091446175
23.8663908366925
24.90804302966849
27.86934952894086
29.61158129056573
18.75034734963298
28.11646680136232
28.51386367077061
25.52679923337217
23.35044775371705
22.14645293473703
29.24525986228436
28.60624702417043
24.94063480105043
25.41924996360775
29.04499802323019
24.04992920451379
25.95511547769716
19.70673916434345
28.46575937972488
24.87802994081184
26.70485408426278
31.17455294897477
24.99973450851203
22.19523885244081
28.5394120406526
28.24512285450581
28.2827061462614
19.59989914896479
25.65069616013703
22.76184294668751
29.9876964366248
19.46639944936111
22.4825457303408
24.43750553902368
21.20685254903304
29.48929928015473
20.73517052109504
27.39457542950309
28.52001433384455
27.76707260646312
29.14168224324799
27.9504946884682
21.87134689424715
30.037288984397
22.93953813142273
23.10905251390597
26.21994456046612
23.48051243333466
26.59618317595407
18.68503638028789
26.2502771399033
29.90283820656766
24.21494427401559
21.82702917722057
23.10363069485932
27.69382302312903
24.68709371485269
22.25376331357276
24.75330850900809
25.61562294071654
26.13075020372957
24.88003372470147
22.80014662378945
26.12837153858455
31.24947233500134
27.37530354313343
21.83204555244181
22.91858205234445
27.39318133040679
23.25817834588657
26.50142104176829
26.29502047690945
23.29045479250237
26.54859247664503
20.16249880247588
28.32422426037065
26.84263341646096
28.65454305069037
22.09229811828135
19.97891928602266
23.57408641462871
26.42827751429957
27.56790550884106
28.11122755166988
22.18509766220217
24.93645877169426
28.9861959280948
20.22223015504568
23.9902366210171
21.16620033803144
26.03709491333793
26.85567495148852
23.76954815425627
21.49376797595529
24.11869864201633
25.03781031216438
28.95830361698581
23.14295554019739
26.22650210906481
17.34931977208119
21.77131456691208
28.60476331694734
25.23110509705598
27.22470373838832
25.39548721720858
24.02271618180742
21.57486481991102
22.85851458247442
22.24515225060484
21.52591059244776
27.13551025718107
26.24895518550017
26.76867317209679
25.49022910828147
19.780958762675
28.07340452351326
27.71769269748069
19.46848291792493
23.56021941948857
24.73536581028143
18.67449668632104
24.87652589233118
23.74458058145802
30.61780428219258
24.44861705610514
27.13974606223272
28.16398595432801
25.10838226303288
26.57950193583248
26.4736806482446
17.67201871355478
24.91874399164429
25.89817211345677
20.3728061914522
28.77751124341699
27.75931977708601
26.63227156290725
25.1015667215511
23.99507274846258
25.3310568928484
34.23208502571154
23.74809438235769
27.28487082432849
27.94427958909487
28.37062167528713
29.42442327250673
23.08531811302402
22.96418860804167
24.38379918607172
24.63508747770654
23.5804408669367
23.20664831481859
22.62408530717635
25.65058902266415
26.67295795958191
24.60939784725996
27.39807442313469
22.50397815309232
26.62153676404922
28.45030445293559
28.35877945076842
32.91274617621189
21.32286434595663
25.46114208807605
26.49762782876241
25.41968794132755
29.54535487703974
24.11756812650238
27.40351063370615
25.93450293834404
20.67715309450459
24.20357033446694
22.36876595689294
25.07386050433946
23.65678289372118
29.21232280523957
29.64892927471826
27.43369715977399
29.47334158934874
24.69542558114942
24.6009691448242
29.17144326300552
26.88502405158059
25.62356663602896
29.27760087394644
25.88742065621011
21.69333453886498
26.0399404785955
28.90677329783355
25.07748988074374
24.93504051835907
25.52118214882528
26.67087597956344
27.09034982876722
29.32542296263255
27.48709875728281
29.47255042830717
28.06356020694501
26.59647994779692
24.08862909477905
22.90672311492041
21.44730369207581
28.25674383263319
26.0541370677377
21.98945971310095
32.1016806792769
28.2275886673348
23.83054902039177
25.30573094294243
25.15190405578901
23.68097543667541
26.41733104013542
26.87102506170344
30.92021729824969
22.79191939266232
20.01376148373834
24.35284301950149
25.43890501099845
32.01424119915679
25.18990918915625
20.931650579401
25.81600772339266
23.37530662046316
20.38907963479143
24.43928142002414
22.91539143991459
30.99274208793603
24.75884546796461
23.17918348591589
24.65992858322664
28.50424086107712
25.54865316903827
23.39936617308327
25.35267681364601
25.98265973490755
18.25839265115112
27.58873254458752
23.8990097719121
24.09965725791864
32.82636013222268
24.83670158874103
21.96978726534222
27.13487363455493
24.32979248990389
22.980557762052
27.96884739687256
26.60926157805639
22.1707193547479
27.49353677779192
24.65028025160203
18.49229051454967
29.35682860552098
22.92792817680585
22.91998898963193
21.33808468622485
26.4128909655444
25.5902152445119
20.51182562309307
28.44700402180176
27.20780964672432
26.02918194391781
19.97460485139083
25.14700901322296
23.04447417356165
24.22199778859053
28.33570745319637
22.75027751300306
29.72124526340708
27.24604169526327
26.14851832947915
19.92949550905902
29.43504016432659
18.76662028718971
25.22653334061833
24.78126249455673
21.50882560075283
25.36297389567535
24.46178675377568
24.60912802738621
21.51396372903597
26.2221776524218
27.32285492081196
27.27523212735892
27.80365968309227
22.37862488432354
27.33977090212039
27.43020822203483
22.20559832711697
21.26557328358544
28.20625428023575
20.91416616802419
22.2448165214219
27.0578118920703
26.59701806686008
27.44835851663704
26.33430343287866
28.86282818549027
26.59900316256555
20.20672383807409
20.4468592829385
24.48335469812559
21.48841135214676
28.05055596867769
28.48214140797037
21.13445063853564
25.79588278276724
20.87109412622525
34.1291873485747
25.55760270824607
26.66176848882342
24.78710350665403
26.55185666742745
29.80743346354925
24.80065589432983
29.54498249606502
22.44637413162405
26.04426435154444
23.87249151164209
23.94061822596159
28.42206363976291
24.57697907305193
22.42252730874578
23.82275817157577
24.43382985295783
29.32994809095102
27.12403185771871
25.52586324166593
23.44147487461237
22.22407087225256
25.11373355119922
28.74222558970123
26.05880690040554
24.77029050616697
22.89532530221058
25.12417824991438
24.58401450915382
23.40979749860478
27.59713529486997
23.19254800082751
26.66557993022114
22.92077103523334
28.0085261331677
29.11563776862686
25.9474479859899
29.1128110534347
24.06408840174093
26.0072627253425
25.39927385389233
26.76476267601303
23.18471869377404
24.00248694454801
22.22813124430762
22.70147776608614
26.13728915565084
25.47617877594478
23.49190163318325
27.15437865079037
25.98699023268676
25.41414650408008
21.57858773091261
29.12513947688631
25.53814131909583
26.37064604228215
26.89996177929048
21.68095230704683
24.81355538419465
22.56688366024517
25.81172594253202
25.38201183500703
29.19446017575852
22.69848212172626
27.16440715055027
21.59539703019226
29.1671256557419
26.1075859496758
23.51144619018562
28.23333961341692
24.19233933637445
19.86127373959737
28.30689503503054
20.9170444647563
20.78806146062885
26.82086536650013
26.7813076691848
26.48680548111227
23.93460541300978
21.37727763411224
25.62872313992406
19.20723014651869
27.31269145095114
21.84887571028429
27.31995559407993
21.99315655069262
27.46383082540291
29.46289420365379
26.35766857426277
25.03084314151195
29.14077844577537
25.57276169826356
29.67284217854984
24.68923019590207
23.98770794124183
21.83045939220594
25.88796986227895
27.24034048818914
30.72570576721546
26.39285173514668
20.63013272556124
26.33219369424119
26.35445384599005
23.25931922006802
25.4629797884286
29.64722359269033
18.62341820807504
21.36229559739429
23.26277362026939
21.61047442222647
28.50735046730243
25.6011053338924
23.79219945313542
25.25881502771097
26.32598997178206
21.56354529336459
23.33636045939837
24.58569938960492
28.37708711237201
28.34136907449074
26.40266372727975
23.36748219916581
21.67239315493075
30.76009727155609
26.64518036292645
20.97474016225333
24.90837239077414
22.05158642361813
25.14532409719127
27.79916599130312
25.60526373616711
25.39070890555021
23.14982444839122
23.99987273963006
25.63177010600003
31.83236311193042
25.04749181058316
26.09025276858351
26.23962515342141
26.85202392378028
19.88081443087786
18.9099822894243
22.15144766421137
22.77491893267661
25.18510097585631
31.14425764015942
28.41159759936998
22.92976166726307
27.06679697431595
22.37373849508207
27.43448098047694
23.28180090142332
23.63319265451012
24.18707268843657
27.80284511494246
21.92415270462974
23.5523665492246
25.39301828853628
28.99885164900435
24.68579333992502
24.3261907831334
24.47157473992069
24.51847472831473
27.94855674399628
27.66349923021972
26.04519780746579
18.83935143182062
28.64279738080236
19.65302436407435
26.24762915742556
24.58160319012317
21.93579707917021
24.03077305553944
23.59796773204612
20.56930395263131
27.75691352755215
21.74709223509815
27.06432436764279
23.41403890802641
28.89828278697602
30.4005754801325
27.43529014743618
30.07285976500485
22.37927873391197
18.142061242579
28.33762244397283
23.43165471642618
25.64832712119583
25.01743931536413
26.25909297233419
31.36268479650003
25.4116328372552
21.41417979614084
25.4135893630804
26.80791192093092
26.44342243249423
25.69838297942758
24.12630274665594
25.40406042180608
18.68899972795606
23.5179513151284
25.16761272145997
23.85958971531142
24.53176085737703
27.9459460944737
26.06851164177599
24.6733978304471
19.38903437982558
27.36641152843354
24.251167549733
26.16601868853244
28.38764601017218
30.34551415098161
27.25117008648261
23.96704619604704
23.62158093660549
18.01738194704431
27.59928784140585
26.22683344423292
28.20180896820265
23.22979211190948
24.06829947775989
23.37745584883066
23.24846169963416
20.35368335901667
24.89915039389169
26.08337852927762
24.9244056974641
21.21415050296386
27.64139269226705
27.34701347796473
20.35611033762767
24.24660103673979
29.8314289825405
28.87085487019497
25.26405774279741
29.04794414974314
24.43422153370125
28.27270537495634
25.36039917233319
29.76465125245414
27.31335404086632
25.59379672446523
18.83571730735142
21.9730034024811
23.31209764400095
23.54542217902171
21.04391892886544
32.76126384557129
25.08855723054808
27.61699743133717
22.85782763219733
22.05326440004816
20.71918574365662
27.69630392866465
23.5781192310219
24.76832184120792
26.39578799102252
26.12479715486376
19.23994696764201
28.42601623249729
21.25742355308968
24.63038502460707
31.04045547196643
23.28154039417587
23.30824341020175
25.93608674926923
20.94693192144947
26.08239367532812
31.73787980644284
22.3062995105275
21.06751636092202
26.25775943061862
24.37719934501366
26.51069024072108
19.53243416757743
32.16979081145507
30.39887260473292
30.01259418403075
27.67653907038861
25.86849321778943
27.54324175554139
22.01061324482417
27.42138186344788
27.08992023462489
30.15373705331046
26.77697894378531
23.6043376046155
23.41714194032097
27.63760029541997
27.10426529289548
26.22587914456098
24.49178501335084
25.89257755850833
25.4828992264455
24.20351024363397
25.20895905951125
26.26076378672927
22.92827427603638
26.14749596395681
18.07398014059535
24.11397068192589
24.11875990645995
24.8099684657208
25.08974685110724
26.26553336843326
22.15552309519963
24.36005635876196
29.38658571773801
26.30605294507724
23.67552473463602
19.38154350319891
21.79838365599647
22.03832669729139
26.2154152586681
24.6468305973257
24.75465737617914
24.0991951940504
20.64967645711223
19.9087280678344
23.72244450168446
26.27536089565326
20.49224215068408
27.36942019581591
28.30964813356136
25.00110203644212
27.31124314735135
26.28921293578612
26.53967530587401
23.04076758112018
21.37755265782186
29.12287793439543
31.55832301306913
23.79310739336804
26.89314810952173
24.90522167760986
19.61980376471256
25.39387958513715
21.51780111352582
25.87467578284341
26.00767686307325
30.28163045027613
19.67036422611208
25.08311458366913
29.42644417850337
28.75362244332966
25.97298375704585
27.70490368977165
25.0161698245983
30.01489347643063
31.77516508932464
22.5588510759751
25.41394979865438
26.09553738873324
29.10371032688521
23.86394871550372
30.2224711249708
20.78874267775242
24.37757690197595
20.80268712185875
28.28334901590435
32.19837928069587
24.59681037664455
31.24320973310127
30.81388397514794
20.88276972770764
23.8300108413227
23.92185652196406
23.13692806473157
29.63418995873749
25.98362325317902
24.04104653135562
22.85559140502869
29.01879939393729
24.78498519134707
24.81487729869694
24.56877448878278
24.99922925531291
28.24983920202532
27.46089860230055
28.90189399590247
19.74687250876173
23.16784679225869
22.37869195400623
22.01355312523491
27.66156572229422
27.36240928964175
22.4113565888798
21.09909525184585
27.50904492743524
26.11311199106168
20.91839991707372
27.49598760334404
27.31931560425381
24.2497394101306
21.34085750583626
24.54936840491972
23.59793182067053
26.46354367657313
27.60649393821975
26.24297082898479
22.91144882765983
23.02749349148569
27.91268101283082
24.34709226470703
21.55142043510241
23.60654329633006
27.21422850011275
24.98503418207922
27.03911859492281
32.37277675401927
29.2912503267336
29.23038322463758
24.24696658006012
22.55735396357497
26.04710393076618
28.85727831783348
26.34424048627118
20.77745990843745
25.86925000264899
18.39440075082812
31.17986780259043
18.94471143705704
24.09815600468192
24.77221644743691
23.67879632752312
26.25931050722225
21.74642209121532
25.72252599451954
26.62899084507846
20.98051127404214
24.79327186112558
21.89921682077436
27.11929403855956
27.12680171930134
24.81758632920226
26.64840812642701
21.53777512836592
25.42763779851447
26.05632602212901
28.88939301673582
24.00071359070555
30.39772292384448
22.73615304056187
25.68490462589654
21.93891421966656
28.08968712251376
24.84751292655141
23.60999566228427
18.61341774077722
26.89269572922096
18.37780098186513
26.60527773142063
24.00798104497556
24.05195980652016
19.44045729572161
26.20477038328905
21.53435838836512
25.76660910930468
29.83097058037634
22.6501351345687
25.4867794041385
27.78073211592085
21.39960922432009
26.86410261969072
25.35125384133761
22.90046774345931
24.59049159868748
26.49736861806867
27.9284714117641
25.3190807917883
24.99934779132814
23.61486194492008
23.84812850953916
20.35763972091328
22.03024208014637
21.65377561097321
24.21805499833258
22.11803762477349
20.85679234161175
26.40846999031261
24.22978445550695
25.04996957966452
23.80226510971012
21.47379445118886
24.29797367972312
25.17401980830961
29.17897244611671
24.33583235955906
25.19066640761739
26.47013718329289
22.60076728321744
24.45399064003108
26.32185586321177
24.34838281975128
26.01155268495937
26.19470556096768
23.21780321947686
26.22521674061796
30.93598623241851
24.22755689113927
29.01929039384094
22.98323076804723
27.84825361908313
26.22774712708008
31.72751529826195
30.63912439408334
17.90505822875131
22.03928244889497
24.50565001209039
21.79830045614873
21.6292715006077
27.43805604391094
17.86442614808069
21.09881431762792
21.11987705192374
22.87886106582987
24.65856802234983
23.32206879370787
24.56304149311006
27.7526922952116
27.05947313594747
27.12858517074537
26.71113623268907
25.03593993299805
15.99155862501694
23.965416483766
22.05393355397842
22.78177193059442
25.67167557332652
25.54910895584276
31.76575425776853
26.74791281297982
26.59140019467334
26.3376369458407
24.21636094056811
25.02537994579877
24.24040292963206
30.55969275012574
17.56200399785679
26.5324014025232
22.91086796634908
21.02624351771375
21.50855333408438
20.83736885015234
24.7838163819298
26.09612870899031
26.75674792534937
24.21690891706812
22.76423727347662
23.5413610102452
26.31329270153924
25.86485312222766
24.75084877731488
19.46107760166145
24.67547079749307
25.17335375121112
25.450592346004
20.08849229508722
22.35528953946703
22.52107991528634
23.70475246384832
26.8061062922521
25.42917366021937
28.3697980963506
24.0308759273819
25.69475578984238
24.06387688516506
30.49100446420717
26.13276495202216
21.3136034084261
18.83487621449238
19.24810920677279
29.1960398116233
24.81886774539211
28.00153837999141
25.22139376159853
24.18405288001252
24.40765843313394
28.8055584579649
26.11418415923125
29.96340465294949
24.23629152875074
28.97600106730969
25.9170179599585
27.43005143633754
19.27590812134022
21.51439100224549
23.83455909063076
22.29104564293566
21.86579165605449
24.98200020126209
27.8859212760194
22.25920513558787
19.88339079106758
23.0350849121154
27.59204620529291
23.29187059583477
26.67182002600916
23.02624158895162
22.46140774179557
20.71370294124153
27.7587964638318
22.23600146180748
27.39184146231523
30.42039225420094
23.13757304488327
26.4244129845578
23.27446011458307
25.02740798503869
21.11242656603837
27.93744833768896
22.10240545182457
21.07505078029793
27.91422418143456
23.20895702149884
28.85344487292276
24.30598842889495
24.53900296000333
22.84432454450392
23.95783213632832
21.3307453635792
24.9303330277857
24.23671341833105
24.97391494008967
25.82753122201012
25.18028169730745
21.36297525001483
21.00216511289139
31.19112638860653
24.5301052761179
25.0520568333145
15.69833096669116
28.35108966362301
27.78972903037901
21.29952881385561
24.58526043877655
22.63447113039889
21.71705521962866
20.30195824551813
28.77887711579191
21.15045546676668
24.89092646698431
25.61066252878539
25.23547093624731
20.82726884090963
21.9381529251752
24.30129548287721
24.65601306246778
27.47721054627092
31.01123621687853
24.88642377481234
23.39947529038971
26.66811867648402
22.10508601485513
21.50185582228242
20.66590228003058
25.49433764531734
25.17999111936252
28.01200035107533
24.8210125322056
24.9011523434703
22.61687519821797
21.84743565989646
21.26490865722959
22.00704225001666
23.66722809265506
23.17181539339694
27.98017506221196
21.79545514517255
26.12927600656014
28.68611855126532
25.39575699155512
22.04210044869095
22.75242449785422
21.5928771986164
33.81154500003299
28.20689798440354
26.83789266819509
28.55157551999267
21.19298988888479
24.03447060462282
26.65071752203755
28.07819485537096
24.18692105539279
23.5403465419414
28.00803500550153
28.27814212499428
20.8110411374944
24.75236863915375
27.11716552860444
27.42843968446632
21.06240999747055
23.37394314435038
28.93269364836991
31.69145089480659
24.45226918849559
20.52623754916426
26.0003646897164
24.90424691223367
26.77379644397237
25.82977420628236
20.09683035836439
19.72202074315829
26.35242854033861
31.49735119384653
25.80704228492775
28.6332927695883
21.69809586733292
24.55779855045791
31.40577093009841
24.59118065736862
30.40701414142662
24.36532759241988
21.31432667868956
27.13375662167885
23.90045519943295
22.16059219570367
23.92683420077651
27.28910219069694
23.38126196306879
19.86379751346793
23.32707323194187
20.21626504743806
22.81702875606836
24.24650136105568
21.96486868031363
24.05496849864063
29.36817383055621
29.17397671343112
26.31757723471163
21.60942903990406
26.1627751701141
28.9780554263695
22.64412398190365
24.95673647612135
21.67648781466565
24.12245417148749
29.24676222242692
23.95503187532418
30.111364663825
29.8602194914611
23.64113268133044
29.19289087185327
26.57193626963534
21.25150773927704
23.44089974575943
32.03660926861646
23.82078916740758
25.39217049246988
29.0528472418593
21.32824633214597
24.87512858417926
25.38615042825117
24.42735624657194
26.52588401573555
29.40632343324178
23.53098667978081
22.89631423449037
22.15853218309459
20.29514865067282
30.79625342114345
25.58590780934928
26.50932780868801
21.59987308517243
27.51852836231508
23.85850037370962
20.08917322274517
21.41501224000823
25.61183447545448
22.62613202801131
23.41736902745847
17.72997388638004
22.22059821124536
24.46873174704417
21.72424015333615
26.98659036066609
27.88926236048219
25.82575833451268
26.30845782894342
26.16743220412141
19.75930036920792
21.45863922965167
26.54838663510618
23.74821423688157
21.9840808378826
21.45980099078947
25.59120605546185
29.18698808377697
20.32209639070838
23.10395087864155
21.4358608087563
23.17207334409013
34.628619730892
20.6239264239711
24.32668710147268
22.07898003624735
27.87761449492031
27.3139810896167
23.36527826615243
25.94391203662295
25.89326866087464
24.04182948798871
23.43955127054877
27.05031943037983
30.14271039983923
25.81288530220491
18.55913111984871
28.98635700968338
20.32346525245306
23.79246335942833
19.48066693342037
26.30589477090631
26.80632864614537
26.14270348017268
29.74834799101851
21.32557763063678
24.62046964955461
29.8629187443317
25.26387621324564
30.82350652591708
21.94312930276722
22.71167592215125
25.80502975076507
24.40643372848778
23.39017650235281
25.23327993489287
21.16740589674166
20.63815073922278
23.35271070658199
27.91979966906205
24.77565650988272
25.90698599282088
28.90455145433402
25.62685335287203
20.54366473504526
21.85919202633076
28.54608911732452
23.82092934664223
21.96344342808678
22.18807661043902
27.50698189769173
27.31392073229055
22.81600383827779
23.39518683736947
23.73926470744484
26.23752313595353
23.72064774447395
27.37751019967081
23.77358585473362
26.61672253983529
24.00807081094313
33.14225154373032
22.19672165856473
27.68574590960696
22.94160848910989
22.25244136865085
31.84061063810098
22.74303681062743
27.49021046174395
32.58509455150417
24.9633010603962
24.99007435634132
22.6271022283834
28.35564663769316
26.98625236972312
29.16622626937854
33.31357643710589
26.10813150172195
24.95618166735197
22.19824687800158
28.81273575000751
27.44741332235098
30.11662326977995
25.15363602270314
23.51226023608212
21.113989817986
25.96187341171453
24.28888482090044
21.83975172192002
22.09583826560083
32.1165870719688
28.53129676341924
24.6948371005919
24.47517041631269
24.67931305614594
24.31330665815518
22.66242875161245
24.09691498826288
19.5258272014764
23.93100636091824
24.14431687649525
32.98534612482954
31.3660424695506
21.73904726601349
19.57961119849773
26.92520573971688
24.1473995008704
19.29188655348399
26.3177442703692
22.63265379264593
16.86780095663765
25.35337667010995
32.91295513293768
29.42623453918511
15.80451301354112
27.81130965806908
25.43339797963171
22.63177587603263
23.98019304540695
26.38132861093537
25.17530059211216
24.14412949749398
24.3329360062427
24.52183094829879
26.28491864812257
22.81467189609921
23.66380815204124
25.27779327636766
25.66254269654343
30.20641318274035
30.99859856653255
21.98980272401371
24.89368364135857
23.82057495944701
26.08600081232964
24.86178259961989
26.80558344466774
20.83081363227123
23.71362541212392
25.42308995853006
30.94392645379573
26.42407588082959
28.07679926124814
23.28969119064995
21.16205485577519
22.89398355398342
23.38488737183874
24.84016297121804
23.74315442210084
27.67516239025479
28.96532793341143
22.61497059919085
21.83964314408484
16.70113348625779
26.89024355655764
20.03968537531707
20.42868190562857
24.34879539898396
24.6098425300972
22.1627366459286
20.74220120481544
25.83204808515543
22.93085930732353
24.63709281884571
24.07302343558082
26.88197917527388
23.19257406378368
23.4384951418376
24.2170667602519
24.46726714236812
27.1938966994474
24.13130527066737
22.02438110158109
28.79121439399738
24.28511450929627
28.69940966626071
28.09830067790088
24.48359343838537
25.77457324852616
22.6473485475302
22.86057347445471
30.81105968681649
31.28742995529314
25.4539734099618
26.39485076144001
22.30695614077894
21.15026535074669
25.79171362351593
26.92676998551438
26.88538236946576
26.17394002226004
27.62656304115726
18.91575592157685
23.75523076103369
23.88462617042141
20.91841593205449
25.08994347310083
25.29786013589296
23.31345288783708
21.76654133389229
29.16431604809187
27.27601836638315
27.24902827195875
25.20483657572023
23.54542486580348
24.60323311573972
30.51790229958647
20.18033601987956
21.90297014744277
22.9617089162869
28.1296543161803
23.06591764890209
29.65460967314953
21.31083118648966
24.72880443790479
26.88150350180081
22.83009927279908
25.98106777753082
21.55472332635078
20.93293986927907
26.33200951809757
28.34118421943582
26.2034775938274
23.11517143339116
22.64258876724386
22.31642245094456
30.46359820650149
25.38768948969257
31.81603844696219
23.64199436670491
24.29143988255795
25.88237351764212
26.15348694741079
26.0838477074611
24.42168498249409
29.37051659905887
22.17231574917546
22.10543484768866
26.32384755587758
29.52147005380435
25.42403790116661
22.84522623837724
19.24752967284364
16.60846713101784
24.34530768959386
22.35483755602213
24.57897771072644
23.66628772377816
25.94926146851256
26.5713191522382
26.41370771557614
30.66083860156284
26.88947419249138
25.74989824667218
25.00936211319778
23.75081396041598
30.50093172852523
27.46583104310481
24.64222589708645
23.65582236433727
27.41760208942327
20.01298081234982
23.34171690380933
18.6162525865139
29.90472910828615
30.74714093005203
30.72067315215876
27.5002640205439
25.65272574176067
25.74164424624178
24.75922098306219
27.65147742481614
25.06330658302163
22.51007572403777
18.99647857212559
22.20225837726471
21.81150557939406
24.77382787147506
27.38252189861179
23.78838959855358
27.53784446269223
23.54942740491948
25.26759371526719
26.11543892918164
25.79505390891098
23.76559830126002
22.49192102544466
27.93679058131038
27.38137822362595
21.18581047993565
28.37352681490155
27.92231130074976
21.23928329628365
31.28120929455176
26.94698412414112
28.98331025161935
28.00525326656471
24.66185454997198
28.94343331325786
26.55847287425904
22.57377216551484
21.37991588560278
25.95551157699769
26.31474293039147
28.75124984339568
20.00103276929282
22.39369289293744
22.88795350471936
28.71421607338989
24.4684403147414
26.0926237964315
26.59582621622622
30.30269753445895
23.43445060511065
27.43493132695495
23.26973794711158
23.01164263113961
26.15319285606712
28.07921401802358
28.69089202569958
27.99131946292827
24.95794856425596
23.76228736250167
22.34131427284779
23.89949460290631
20.59013562245649
24.49370121822646
23.71340544321878
22.22829254245425
29.18236100465732
17.63024292774506
23.81312450588536
21.14529481090413
22.75862153230943
28.53811098139853
25.71499403802371
25.23215280636665
30.04837012408561
29.75227730432939
24.21598287451604
21.94753846779656
25.6448096248036
25.95071824785609
25.86704010023275
26.44618312742507
25.73388817819461
29.4112312848213
29.48599807809909
25.7416799813775
25.60382164366566
29.83265175471811
24.61690470696243
27.59513368210798
24.06032003744747
29.89090120113773
20.21129862085982
30.42671343597078
24.30604293397664
27.02643737805415
27.88379198561431
31.0298123801486
27.4325400198214
24.14396125302194
27.05263872702048
23.19888722572813
23.1659471592471
25.83284711775869
24.92100561302742
26.55198563336255
22.71754450511824
24.72863273804429
24.22377226247119
23.3961650238709
25.26317941365788
20.07955228938204
27.49849974421832
21.72682120360649
23.9896499328141
17.65977327258443
26.36487233201206
23.86435172775165
27.61848671181537
27.12170088784365
23.87862819406889
29.58482864601982
22.67393992134978
21.81866088516865
20.0968577749125
26.84970881879468
20.66868370677835
26.01137260605084
22.00327440368753
21.17506316368433
29.04213352088588
15.83564132566488
23.49439916685167
23.71136596917684
21.02540900617295
21.57588965168149
25.40374506161565
23.4816875517911
28.09536108101206
23.86754130398532
25.57390603042205
31.23834676029723
32.24275371893364
26.51466441262031
26.75052219104329
25.06999838251404
22.15329113037338
28.22311333965826
24.33928139148436
27.76811114679576
26.04999961019384
25.82453160153662
20.84755737031117
25.89338309386578
26.78916095427066
22.83829472739708
23.02524233377688
17.31366507206097
21.72925904597481
30.63708242039508
25.16079958117035
18.36782841629447
26.3749694525351
25.74924145250827
26.28252664999472
24.12874486531909
27.49278387283064
21.61908670082381
23.11755875298276
22.48118235541424
26.57851362016879
25.88647410984157
27.43033134717216
25.05107079535535
26.41483811127855
21.79082673735406
21.39613930533605
21.46206834557614
21.71234204837029
21.13394700699872
23.48666908517347
22.87772074172843
21.4992279344656
25.03507240260711
24.40632395002406
25.31208650759677
24.72774232732636
25.48098666835235
29.43496533681989
26.1187471233161
29.55127484421677
24.53802960177517
25.63458928442506
21.36890753012127
24.35943180521344
23.78545005161309
22.01855396735904
26.74502997493472
23.93962272807926
25.82786745693081
29.98234503448008
28.00057330460789
20.55382768073818
25.58307756209034
20.91490104727604
25.77507847929237
24.91757389641141
19.61331088391451
18.48357946258704
27.29157227326306
20.8528217122794
30.89311249218342
25.07248287920423
23.75561944784753
25.88212022730336
25.4676803823842
27.16102017933488
27.07928032205538
23.65860789326038
23.08532468046094
27.57223330851367
25.42592968666413
28.96006426104071
24.72637486851854
28.24181525959734
27.57493590416005
23.11062250686525
25.32018448178479
20.56679520421553
28.87231279780853
27.15616324046928
23.0642236010907
23.41559403114325
28.32496117318247
18.54098233711482
27.45339867786247
28.21316878931616
21.84635591723224
19.28914135735956
24.05295933548991
25.5737373068802
28.47560535278069
20.41499383629568
28.42882655652502
30.12077915025221
24.56070871765809
24.38052181763217
23.66667388036568
21.72131053305613
26.3150186562877
26.8826690555595
26.75194827887076
24.87380022987999
27.03445032698542
22.88035267805615
28.30694166743895
24.68396032931637
26.29648858509434
28.67513408643204
20.58432854019021
24.96079381964057
24.51741202329125
22.91304130177601
25.420803714769
23.19057757595199
21.34793676210365
20.52234088646249
23.48820094515706
25.87418030439717
26.68374603553623
21.60244991896703
26.1423059909464
28.62040498135034
25.72401330035585
23.74267770962932
23.24829234307329
22.49949807195641
26.36585429164573
23.88195909562409
32.65607806425386
28.87375189918867
26.6121364227727
22.54368080866542
25.71460501085094
20.82274829493278
25.25783100394884
26.69998248204387
25.98624529661012
24.32603377443883
30.81961361828344
24.18745901875808
24.41911620893803
23.69462813429807
27.97363608219881
20.68636954927758
29.20548448529339
28.53051874366961
28.790746606294
26.17383705325046
19.71673334292455
22.07527549431649
33.04896850653073
22.18999668839329
22.27162066959162
24.06260275640106
25.78642257600724
25.41843937960549
25.09948825677998
19.4443271034073
26.04125754285385
26.756561447563
22.71754070723698
28.44130260368245
24.56281545433761
31.67299396709419
23.06870405308308
29.54906320947135
24.65807860305998
26.0644439543679
25.59441050315623
23.1555180999266
25.5521039807384
27.32026603791317
20.94887978324997
23.23569256713261
20.53625656197851
22.93788225479049
25.01349003531847
26.16937761144158
27.94822209316813
25.99704899667876
24.52750407053277
21.94955083757519
25.85447838798848
25.8320546796466
21.17177549171663
24.68326253521384
29.54412487402177
24.34368165104817
22.82532708778701
20.49912184272538
24.43106323739485
26.51507520522874
26.41580515783384
27.59109105705039
25.60076941250269
23.46771232447568
32.19447515721775
28.56967741220597
25.24073449734753
29.58520227130877
30.68348499749299
18.86878940265222
26.8597392041442
27.58751247013181
21.39839391547313
23.39479227880533
21.89013701771453
24.5797460984528
24.9202849944915
23.48208807109777
25.14261458575171
29.12363257390078
27.04002174938205
22.77009824124098
21.92525554680933
22.82804543479154
26.53792064316399
23.97858774989676
22.97218499564816
28.80719954632088
28.89782709802935
23.72188261451041
25.01765380394333
29.87066049364623
26.31405952883545
25.48995032169766
21.87239078070681
26.56419345855585
28.09554632034944
23.69659269706932
26.55455118229739
26.05305868321999
26.68048778810923
26.68147447178834
25.25561716833041
27.99402265072945
26.79961441113737
24.24876256734807
22.15845311159361
25.0318972900619
29.39324816792039
23.85140382713826
24.09493707750285
21.72274606307731
26.36372293483545
26.92839969659809
25.37920501178402
26.41714552758861
25.18259585733199
28.15286734035931
21.45054446962687
26.49458617130181
22.72134684509837
28.97994419764206
25.55494834747721
25.77787197678107
23.26079900542905
27.43154822847391
20.73824948086923
26.72815193136683
24.59642432066805
27.58876762135755
27.26866244824719
25.11583530090411
23.20986139707389
24.7094640362855
25.05774509944181
25.9803891748609
26.62357151949887
26.70704501520212
25.92975851181318
25.38820892215129
23.33419392876185
30.5993674307896
19.06685910279088
23.95849131400432
27.05570548371892
31.13588754719245
26.00820570881882
25.66181260201556
21.89242043645667
21.79504628140436
34.02885259459315
27.70758965833828
22.7511332373689
25.19979585784771
22.01246465321951
27.54907318149432
27.26938488078906
24.22754786942807
27.64012697071102
25.23448384703086
26.48564833338378
23.71582907172662
17.25598095834182
22.46440955445033
27.91036974369877
23.72264544787859
25.42455418114154
23.11074206470131
23.66351349354543
23.99084175833848
24.87169387425363
24.80615296437437
25.10472138781343
26.61240980700282
22.18799562156377
24.20316996988252
19.51310236178544
27.64703792394054
29.49032805083845
22.97561412500344
26.87223412907904
21.84022155593352
24.23556327003529
26.08226983113529
22.08922381427928
26.19134121825354
21.29012758444889
21.51704129479797
29.27693184837262
27.1150100727183
22.75166396552479
23.67803431315779
26.63468167344852
30.09336601765586
28.14328840898178
28.59153095180288
28.72806143042315
26.1672540243968
21.83787711486949
24.45294638807547
22.02272045041581
22.1139303339765
23.83322744073227
24.69021269084341
23.52680964632805
26.09984773302888
21.58913030910653
25.24834276765525
20.15439802626857
23.75518583130752
27.23634104145714
24.29843912780182
29.99914510586398
19.06125474139225
23.49540762960908
28.32417602733513
29.47959746702513
26.86657571070561
30.89006896222928
25.40074761356141
22.77782200514537
27.2598892539149
25.47445837362052
20.70519895524208
27.06941932224928
24.51096213767749
22.61520506787867
26.54582685722767
24.59807785074498
24.48039461050483
25.09538900960951
23.19382596577876
22.33905025721962
20.3946428695435
23.08445657018565
26.84756778966634
25.86940783009435
25.06498603795415
26.63728593931988
25.77242086489805
24.78502816748136
25.15637885541481
25.55430730907621
24.63317249722559
24.39497100068678
25.29623016167078
25.87935619080528
24.76588171167845
26.31923613522325
28.66001054109426
22.85771439385208
22.69810624174328
30.87559352603986
24.6137299210554
18.06362739128442
27.22986213767834
20.20012516974431
24.16927669126141
23.9063931315968
27.53409819320228
29.05172887653823
28.42763093501316
22.39891115495988
26.22794372426363
27.74878667065084
32.21193847851661
21.4110800247723
25.61404399310349
26.75621713793911
28.51865311886835
30.56965554554086
23.18667527844981
22.51192247755336
25.80412606793194
24.93060832467133
26.2788725954153
24.46193090193011
21.66979066441046
24.28223944498094
22.9450735991902
28.84440983862712
29.57220360005222
22.66601438285244
23.30329509263043
26.4508047103843
25.19429275336999
21.16471123104821
22.21187001503452
26.88845903141519
23.90725577231536
26.50120737070709
27.32457291216886
25.5451837126074
24.56576615962226
21.98474026304714
27.30503061901856
23.22023528935095
31.23654148679715
24.76746320632394
22.79110395639695
25.32799583454955
26.77953664064497
25.24152725386666
26.2450380616484
24.62872336327621
21.24018862755733
26.99140321478766
31.52809775641158
24.78181000103369
25.27880726484263
26.65209090181033
23.84752138785248
23.91538838394758
23.50104672635359
25.36278809039135
19.56902476350948
27.24308160064916
23.73467151980556
21.73929063277703
23.68991580356749
26.87717761430374
26.30698393892595
22.76675408123085
27.5986044651567
25.64529236431114
24.33823522205536
27.66684677289057
24.83656898327201
26.89730041072509
21.35325772512579
21.96084171676399
28.83324797460294
27.14382663956028
23.3066022174476
26.21149872662314
21.57596221217095
24.81335767696294
20.60327252277077
26.74563266529656
24.74404530637478
28.32730195077838
21.56293560514441
27.34225013487764
27.0020541030022
25.75352891750612
27.18124760286794
24.3943646192483
28.84779175355335
26.43876301100954
25.03944893757978
23.76031073612584
27.88812599628873
27.03109579898702
29.20953489031817
22.09807699018182
30.7590350309057
21.8466053821331
21.51587562569047
25.3478684045062
29.71017627626188
24.89760218237823
29.2841343823717
32.07498392770592
20.69078215691445
26.85443531595948
25.49848360318155
23.24876182963224
23.8496947436827
24.60725551622656
30.30787738840753
28.43591568529263
23.39587974199637
24.82684214423568
21.73050916598608
26.92849123941208
24.19095323725096
25.11690031555323
22.97157565183975
28.56404291338522
27.41596498002841
23.37433337732544
21.30863966681407
26.06548864203409
18.60962029756652
26.06177680749619
26.94145762037416
29.39504018428886
27.43607882510703
24.8080046254457
22.43299482953109
26.75580339336563
28.14782595614685
22.59848888856537
22.48414512370461
25.32731594678403
23.20703954068227
25.99587013360614
23.92200510699697
27.20473012284484
30.17238145531526
21.52426090792245
25.57158447927949
26.04272156004802
25.11493583743128
19.43406616997311
22.96460779840489
27.41237352181054
28.44449825915462
24.36893084375152
27.47219878314907
20.74083574125792
24.65686675028483
24.6380447850617
29.37805147538008
28.71078377812769
22.64428248631146
25.08975913372999
22.27957552543411
21.85673635857031
23.64294778958172
24.91044586478365
24.57019814402182
24.50904739027582
24.13805213168014
19.0233761157059
28.22223334211863
27.56710495091957
23.03362855634711
24.30890611739098
26.61125022282578
22.99252546659775
26.0010656314122
24.2402150648159
23.3374181536401
21.26099180131917
26.64374374453241
25.1545416433765
26.53476583057319
30.11545279943417
20.35120209347855
30.02384864343178
29.42493204100764
26.32020285940968
20.20380711381469
25.71292336664147
20.91797250317563
23.65524154634598
27.23278302044833
23.32114223620429
25.33264287439187
19.23008428456328
23.94784804593786
25.43170249215944
23.96533167986293
20.76537690341637
24.10253453263175
21.3006526393835
28.36551025180164
29.4339889788586
24.65481450612813
25.09403291096025
27.99162250097984
27.5194636598575
24.64022970047112
24.69817581428225
25.18097224324669
21.45429135871623
19.05514713882441
24.18008860127986
28.87899905265439
23.74779553127491
21.62454495096022
26.72260489803319
28.57671879763961
26.68436584364501
29.30054729582099
22.15628867239081
23.10923767885533
23.0745099596831
26.66741180929036
28.94800589749844
23.22354598101089
22.28355148628605
26.19793491046359
25.81634546975156
24.52282549884168
30.54910584680908
23.54344215121296
27.02096075134903
22.1916207091719
24.9846252846278
26.02364593512464
25.70344307671194
21.6166090372064
28.06259902796767
24.31268852313768
25.61276317016786
34.39420847441619
25.18691344327609
20.20602307435338
21.083467430431
25.77347655341574
24.90081553999764
26.32820036445914
25.09156632506043
19.85408223060448
24.76526656342885
23.01740851793184
27.31634914514603
26.44205777786262
23.16400618299577
24.89528249703091
22.2549109844455
26.51303240299256
25.70386109245901
24.36125182515529
26.03383887755965
28.93789010710008
24.77835291999703
19.07191419951687
24.7944751438872
28.95367116690895
21.15136651292794
25.78169518471389
27.44469958344109
27.99627399046021
23.31499594222339
18.6112649014692
23.54702371287061
25.03579860621972
26.53467350548893
28.51213732756833
25.37802083311164
31.21082134814587
23.32541383198734
21.77548604727979
21.60127307445193
28.30338784858642
28.01794390644945
25.86533489509593
20.92602017199962
25.00723706345419
24.67548924376268
25.82265166345947
25.53020379261371
23.91381660750235
23.92726968685815
19.68309218692373
29.81145273281452
22.93705121676764
21.40570961496212
24.43446184402204
29.4426198197385
26.97158692966033
24.4444014579567
30.45590265492274
26.51141366779044
22.52763371013727
17.81364171567495
24.37678543617286
23.1246511294503
25.30969695882411
23.38779596995385
27.13755937573206
22.84221399151988
23.45817680334066
19.56128225797732
24.15319535770094
25.47093991348412
24.80811087400226
18.33909104384881
24.31951162700004
28.14790119150598
24.19415410238307
24.44985951420855
23.72378609925883
22.20481751635218
27.64176044775926
32.64692557487423
25.58188302506881
25.56495645981756
18.77759696189901
22.22821200347267
24.09387466468118
29.79063714723776
19.78951123721949
20.71950749391743
23.3245169688356
27.41096977411269
27.04097143766285
23.60331101614231
19.42509914836615
22.56993477614751
26.24396049739522
25.70470215145309
29.00021803467735
23.90751569897644
24.75179640480732
25.60112074278036
29.22947027525244
23.96757161252419
24.71410261325065
29.18479478609721
25.84371755241297
21.55670132345676
24.95003471294513
29.94107974497073
18.66671078845139
26.1726864736369
25.61516775924084
28.09036262901973
27.60285719959746
27.76534561593395
26.76476259909347
22.61130494434817
28.38598662681199
22.79079840073048
28.56806298541119
22.22239250277592
24.20069194848169
19.94193301707356
25.46760823838679
23.95158747705982
20.79275494917884
23.44580302190242
24.70216154144535
27.49976099976819
32.16480082275374
25.88719674375085
21.97089927854422
19.88260588639751
26.60679704409223
31.40651989778911
26.63342102381347
27.80839090896435
19.40921501127486
23.19914184216188
23.21022203963118
29.39911863642514
24.33170877842777
27.17561631162556
20.82578743900847
22.29331430633391
20.0305237913562
26.02623994208009
25.40937769686361
25.44761577479721
26.86522594379463
25.93209195416911
26.46054038005145
16.52673282137415
25.81280978340888
22.28280874437028
23.8255817490029
21.42129964388377
22.84719077401031
21.57646657190926
22.42813670351136
22.44031580126383
26.95351777594901
21.90708555598002
22.45227967687373
20.52027475262149
24.8298500682988
22.11075745094783
28.00420707067653
27.15147954076636
25.05049222391562
22.45894503793777
23.64796430637442
23.84116741496359
26.02826743872817
29.57366742340393
26.68428581865262
24.77440118212068
23.91007164941594
22.33811659310221
21.7584565174858
24.03896891655883
24.42239546814776
30.56987903023055
27.67209637559609
19.63567145274369
23.54602686647112
23.18437475606811
26.74222894151749
30.78975700611035
19.74202914934744
23.21648776570949
26.2986887295427
22.9520692550973
26.98978151115516
22.31181132092772
26.11961720916196
25.27765650094535
26.36824633026163
26.37973469190877
26.91477011338495
20.3142378021189
21.71992202348796
25.67950673429813
23.70555062104219
25.50183544588569
26.25121960636096
24.66798093558515
28.63345402172987
22.90701228217708
28.11819008976892
24.99504027590174
22.08294135233357
26.61568734548553
24.00163601679679
27.30061995788488
20.22400039762302
24.50930244118751
20.02705594218129
19.61186010289042
26.56238274488729
20.29624701713348
25.8479003349094
23.97861226818946
21.46014677435472
30.11423445900898
27.2874127979222
26.92816158456642
25.75883127630875
27.29493341562302
20.57372384105609
26.39081183414374
21.80866678631904
23.27849619526378
22.63478110991644
25.09925566892593
21.87501019761437
27.6482283766226
24.41705435553422
25.98956139183246
22.71565186017064
24.47469533294695
24.11642762920737
23.88570700765207
27.11102833207778
25.65575436744968
25.57421415930414
22.69118495176744
24.89262465790594
19.64320313665894
29.58870875703856
22.72089183430253
24.35154058608702
20.26549254419734
24.29845423784761
22.67985569980658
26.06472557618441
20.27960720570977
25.30716928169461
20.17186190352278
21.3624504854096
23.58644554750361
21.19432323528194
25.31169787903725
23.30008110979258
25.93207377942095
22.29356917454294
25.25334331541759
20.3208438085573
27.43578442767521
21.56993541175601
25.76992639867048
21.48363609473661
22.48435964929509
26.29103704922258
26.94393873851836
28.24596080111989
21.38294733981699
21.44872878600988
24.19080519068065
25.67131475415312
31.21065675642746
27.99755830570195
24.73363277507498
26.69760292798789
24.81602034930246
27.49385077133589
22.62855207468129
26.17015746001337
23.01817750432269
24.13299342300306
30.79054709866362
21.46169993196477
27.22678507096873
23.97976478961713
23.43744588303504
23.72319419941277
22.0471158190946
28.51560264337596
26.89492949391431
18.61143184031266
21.15844721268
26.52644744246553
29.16905064869781
22.76043115739892
28.29060662507121
29.13110484742571
25.46024077021702
26.51475607978177
27.26510639277582
22.74822479725804
26.78901431341175
27.68411811677162
22.78750697986147
21.52889825834136
21.36931056378637
22.73005264763717
26.67596011449006
25.25839846459598
26.62683717396165
26.77583060001619
23.80107003990221
27.31658418329592
26.23564973161886
25.54217150760207
23.74309910794967
22.25033784411733
28.42056658180833
20.61120858065244
26.27367186157355
26.78148954650703
23.83063266988443
23.61332363918133
28.70099559207578
25.72417527957224
22.17244914727692
22.98991522070806
24.77923419117812
31.06913821322216
24.56223738869632
25.68843473340294
18.7568551562056
23.76749095257682
22.34614421940856
24.38394005168703
23.44579494506377
31.28989190207152
24.40784711404246
22.08827832497571
23.67273035441647
28.62911662051182
22.08956179115017
25.75075600523594
25.23937015699747
23.06976532200458
23.26350991602263
23.37986842845292
26.926379709237
22.54929778128544
31.12098849948462
22.56791917768729
21.58711553934017
29.47850103475363
24.46613138665664
26.06722312511833
26.69590558416487
19.34659950036847
23.23479141395377
26.89099011012383
31.34437037218103
26.61832590853516
26.35312610967411
23.22896358532906
23.30392971205321
25.50544514253528
23.40925146474162
22.11636386706726
24.99266259791345
27.24998811819507
21.79779956098153
27.3825254879069
25.5617497673392
25.68535398213581
26.30846680936333
25.88056617005077
24.31556294552367
29.09924843956139
22.96201359005277
29.22342480881711
23.26417871451402
27.55699937908278
28.34347073575535
32.49657913613555
23.6063412913912
24.27323995744352
26.70381962290507
28.24294461517541
24.17553619472432
26.03695597457664
19.93778512525517
31.17266819343057
24.75444058754937
24.53916876586743
21.15435288033514
25.17882802137302
23.01015269878644
24.35944167947133
24.37468598592813
29.6743130485831
26.18230764312782
29.00629823518659
26.94400997240944
28.91281082513289
29.10369382784008
21.31624681827465
24.34124082299249
23.88416773972165
25.81969492010538
26.21604218914023
22.07846869420372
26.41141665368754
20.71969063967629
26.60932928654259
22.6722817849302
25.71878990807069
21.76307439674644
25.05981881041657
25.09329099636752
28.6963874188139
24.49898603410355
25.32864740221507
23.3839269938165
25.0358824983253
19.70459026730121
30.0145818609567
18.36319016337771
26.07708083052618
25.55970709411895
19.13760112893181
22.80663256675075
26.52840738101315
19.25290216512632
17.497968375111
23.13058172952798
20.69312297084866
25.14878650776967
23.10822849236257
25.63695098979261
21.79473702029228
26.50396332537847
27.7219131095544
23.71390853354323
25.96414981354467
25.36176391042854
20.85850982941022
23.16955135508787
25.08694468980205
28.74867253580525
20.68203561741697
24.57447490372328
29.12992958728268
23.2378663703461
21.96561386751951
23.68138838055088
27.84386077454433
27.27370858871729
28.51117181224233
29.61573259259269
25.49877081669961
26.66773843720978
21.08626283982247
21.95635707292195
23.88310437195367
26.2470923018464
22.69686796408663
26.24780076738676
26.08153907285923
25.3579010771142
27.06503319782729
22.50365501520613
25.92502577819754
26.65935275512329
23.22196377947736
24.30400264517969
23.30747712869073
19.79045922000168
23.01113139464618
22.81564118692511
22.82600196029367
27.4131742216772
23.45248737892686
20.22268855233995
24.53612142570956
25.72667861780173
20.63150640348579
32.63160691749171
20.90488868058748
29.16006777556964
22.30786015382159
26.72513347622102
24.3309061356202
23.5395383572226
23.4870837509682
22.01628452633781
25.95582755020485
24.03203072456722
25.10919670587668
29.01276359389151
19.74428006986939
21.71452975142637
23.86847052651031
28.94081664843425
25.19269381965394
23.00026784646941
24.07263381465333
26.83327622926951
21.09365719816391
28.36224626111721
28.48708665817407
27.74439545243799
28.89239952117381
27.07826790605175
23.28688827614972
24.24246563129333
24.43729015768878
20.81471324185416
18.74163041116008
27.34760512996612
26.55188194873117
17.9851419127101
23.90118417762649
21.64456271261454
27.89453362148734
23.33711999287087
21.37485402932935
26.80217778039448
26.0788080703306
26.97502551572645
23.6885851974637
24.33613545869872
24.01192076249609
24.56321231530174
22.61269626153007
19.87545889532596
22.63101809798598
26.57640705242092
26.65993915087367
23.20046810601929
24.04960507123435
22.03578595088966
27.72688929879678
24.17379939692742
27.20179652703023
25.8710729531264
29.53764119906299
25.27452360257734
23.354862438012
18.5795820113581
26.60057826656522
30.37384217669324
23.75411828335222
24.67441356740138
29.48481242646193
26.4089637003034
25.20578747023524
19.75950927113023
22.2654321047954
19.97368470663739
20.44424568070584
23.9431011244376
23.64422938998981
21.87557740604655
21.03657727485903
22.88431502652104
28.36465383414542
29.98214241991967
22.79629172387136
28.16245937837232
20.20964981436974
25.20512111952791
25.50976002272863
25.1179584597178
21.91508170757714
25.09193065728015
28.99276717108118
24.32525262739692
29.8369726851675
22.87832070218446
25.69533724196387
25.21766389215141
29.79262715384875
30.37203734555807
26.29061595713328
24.51584158761383
29.15768455238059
22.77594049186833
24.11068196498125
21.45956044524825
24.35279048866608
25.8516742591827
24.25134317749309
26.2521530614968
21.7876197736092
24.58815057938121
24.22752471059196
25.21370125526487
24.78136163677151
23.22506485025806
21.87053187250554
24.02339892331104
30.71356571783642
25.78261374516479
29.82736405771292
23.16486385332223
22.86622781540979
19.74908636701367
30.00035439407748
22.56293783522393
22.63078184246198
24.57356988643185
23.41944149046293
20.21424172843607
23.25161534127638
25.88875822176839
24.2785116035895
29.60094905651009
24.61294439810356
24.45627303639002
21.14639238207646
28.51589341508405
24.84670121938554
25.59738660646687
24.99560138524996
21.37910444969491
24.01965943375026
24.62246023982211
25.21302928892499
22.73963195123113
26.35970359613855
25.17367690422067
29.91827989891658
28.30843445617013
21.31790637938281
28.78749167586664
23.00741863929201
25.22249599450252
26.65595056506013
23.2970341259518
21.31890464469502
24.22374489403304
26.62521759250622
25.08129189795135
24.78383757008188
27.6449348527891
25.18596419101121
25.0067579370407
25.90158791163235
24.78225027943594
28.30769831405306
28.53050447677303
26.6735760726238
22.17196404374671
21.84246317142134
21.34155474446016
30.33779738963576
21.83786509642072
23.10019106851358
25.01608200816636
20.58586612248125
16.867823737421
27.06946436803594
30.6384378102632
21.68631676920584
27.4379958734222
23.64877757115106
19.9382685839265
25.82912843938475
24.94547792099041
25.52283163925492
25.64116177477381
25.72999679670496
25.07112226205284
22.03695320438932
28.343414795919
27.91356031074929
26.74485225168558
26.27032909619166
24.73205762662416
23.33964318038475
23.02982994461336
28.08622373916723
27.03186973815966
25.80699499895543
27.02947590137607
28.96413574474596
23.66554314535047
27.65311998867642
22.42438474120625
22.43842797570137
25.98959674199761
27.54863788233121
28.88161276500917
22.24885182216754
29.89580885232693
29.29546784749914
26.34184325439008
24.75203046801398
22.7239677393605
25.8866867472199
21.46862875494592
26.45288088924466
26.02627564065906
25.73886940543211
30.99062209743157
27.99876316668453
24.99881018472792
23.89901736810098
20.76811214195636
19.40605781719228
22.07767210595752
31.89609481415685
21.30240548629812
24.22445059580668
24.06864669515236
21.93455973076469
26.12583584369656
29.22706773908107
19.42875682825791
28.08004163138116
27.76523136065209
27.81911601670731
23.02549360346396
24.91511505570764
21.97688208474319
23.89898665640824
24.77374271667187
26.42975485199384
25.67928144471894
28.57240947370203
32.97935223710389
22.5902552659137
32.17084327163558
28.19110631143515
24.62230322924086
28.26553160133376
27.40689018469518
19.27156018968165
26.55634617510059
22.42251738127229
28.34791185915624
27.09896467629283
27.94534708239174
27.40634360743234
24.26899844563048
24.91344510267643
22.02551559559603
24.12845245157725
23.5462989645166
21.98073693755993
28.61649299889717
25.57644440246726
27.8393257114782
25.32649724215312
24.19538898948182
22.18697522017831
28.57561896624355
20.52745385527004
23.19178032910096
22.5318859818694
26.14559062269362
27.12689893694191
27.13688994419436
27.2349107398914
22.92142025655301
22.52846980923205
19.83957034989446
25.05709432490319
27.71439730019376
28.39243193693468
28.53605597238874
23.9522314242218
19.2289798512639
22.45622315578377
23.8248981220431
32.25680137501445
25.05420287031621
21.93835792204905
23.27482598230866
28.10191883038411
24.987132905556
22.20223028417777
23.30852274482007
28.99236323124936
20.06940723405383
26.32935032546426
24.75835700170532
28.39485118105615
22.65999115656164
21.92825112496166
24.78357901971859
26.67187609859909
24.87344791358209
24.72682560211882
27.01172250175973
26.78303695756449
29.03699920906686
22.22586820939626
23.06445231519383
25.08334490982256
26.01420139330184
27.03067717746759
17.79757075491788
23.0146960330509
21.77496699336749
25.55592787337522
17.07586993629681
29.08675715628776
26.96837987574126
23.20757000041073
23.89213913798312
25.41243346151932
19.34461633071425
28.42961771202479
25.65221963175036
24.82398330386903
28.06830529581328
23.81165050164774
22.73633290360665
25.27441243533587
25.46411909884401
25.08808507537464
24.64100566662665
23.0888753060759
24.64108422970447
29.37871172679322
21.72089005441609
22.05975807082686
25.52096862308769
26.29582445728487
23.00652462822733
30.13408374140393
25.42791665519385
24.40660710191779
21.49386420883958
20.72679841406812
28.02390332393639
31.02625357905416
23.03130474672601
24.64302956609823
27.28209760227677
17.66060174177897
21.93339675026312
30.97960274214374
22.03297025326288
25.87853774721152
21.5501487701648
23.60015542243055
23.6435707464131
25.67565921950069
24.28217608297653
23.15134693356253
28.86207495810624
23.74688642288089
24.47709129362011
24.1871318693461
25.51446993096996
29.85176825100724
21.78922683524926
22.16066151979797
24.50998877787748
22.99793265162608
22.88498934349286
25.36564779007108
20.24113980350025
23.90748025453237
27.82985901583285
27.45668623367992
25.11222759055689
30.44652986198363
27.39981431097955
24.51777334250959
22.23407034584774
25.47334220372262
24.12321532186132
19.41432207009736
27.00535609546017
25.8344618935292
22.23245659774353
20.99087919794577
26.57929273621137
30.3127263903917
25.97253803776134
26.1057717554254
27.01858007234955
26.57319989536637
23.5242457949586
25.17339934106139
26.6084581289869
18.71107503190908
27.32093809376973
28.2350240611204
22.75901138346242
24.08937339895049
21.42300126115353
22.39567918825843
19.8301746043685
29.08136002697675
21.40986426420537
23.62435973906189
25.43521486738666
17.7108694242204
24.46405169952289
22.92234418630423
25.48473695206461
33.6101143949436
24.42986917428793
24.82031050902232
20.26718560183339
24.22480380133326
25.14606773790909
25.37688327839648
24.78039103679291
24.62876560265409
24.46666472558214
29.95303797779435
23.07621978692278
23.14704281797465
24.05580237189216
20.16363905098816
24.82522199442797
26.41217159523171
28.47795041738964
29.25849355551949
25.66198822744445
22.79818237538977
21.29673735964707
29.20741182416811
20.16922023381284
27.80717227980782
27.52528237209736
24.67057860812075
21.7172078135805
21.19061167767082
24.49053615986532
27.7426436267333
20.95978735429527
29.11465372601035
26.24800789989056
23.47248780702588
21.98174947417107
27.97167970524023
31.1173305386077
23.72343621077377
23.97431134088853
23.44266430176684
24.15950436349301
28.43711653264895
32.16052690569104
27.88090868308947
25.77145573287884
23.08616033793523
20.29974152702665
23.53304377098236
29.29166577003682
25.22619844035723
25.32764243738449
21.98794107370252
26.9231687787667
23.02425055883714
27.73150540523552
27.08542316841569
